TIME,nose_X,nose_Y,left_eye_X,left_eye_Y,right_eye_X,right_eye_Y,left_ear_X,left_ear_Y,right_ear_X,right_ear_Y,left_shoulder_X,left_shoulder_Y,right_shoulder_X,right_shoulder_Y,left_elbow_X,left_elbow_Y,right_elbow_X,right_elbow_Y,left_wrist_X,left_wrist_Y,right_wrist_X,right_wrist_Y,left_hip_X,left_hip_Y,right_hip_X,right_hip_Y,left_knee_X,left_knee_Y,right_knee_X,right_knee_Y,left_ankle_X,left_ankle_Y,right_ankle_X,right_ankle_Y
0.0,549.1286,820.89014,554.1345,813.525,541.38916,813.798,563.2659,814.9675,529.2369,816.5377,578.61523,858.9751,516.7807,860.0277,589.6968,910.26013,502.71936,910.30334,591.5502,956.43884,498.69025,958.49036,566.0294,962.60046,525.9379,963.15137,567.0637,1035.981,527.7157,1036.3806,563.44257,1103.5779,527.15625,1103.9452
16.683333333333334,549.3417,820.4751,554.3235,813.2506,541.65735,813.37964,563.1675,814.56384,529.06476,815.9989,578.68506,858.819,516.7388,860.0388,589.7001,910.32056,502.62744,910.43823,591.4387,956.2976,498.70233,958.66907,565.9732,962.75586,525.9489,963.3253,567.05695,1035.982,527.66797,1036.1708,563.3661,1103.4141,527.3796,1103.6128
33.36666666666667,549.48865,819.1259,554.4949,812.25946,541.89453,812.17816,563.2125,814.20416,528.9435,815.3643,578.8333,858.5406,516.68713,859.93,589.8011,910.24603,502.65796,910.6463,591.4156,956.46844,498.88556,958.67206,566.2766,963.0717,526.2391,963.36664,567.1386,1036.1312,527.7007,1035.9009,563.3668,1103.3346,527.52405,1103.3729
50.050000000000004,549.87537,820.0596,554.679,812.9802,542.0658,812.7494,563.1844,814.70483,528.9925,815.66516,578.68365,858.7301,516.70575,860.3187,590.049,910.36255,502.69574,910.8972,591.42645,956.4431,498.7821,958.70593,566.1925,963.0383,526.1535,963.51636,566.98553,1035.5872,527.32776,1035.5525,563.2783,1103.0239,527.3551,1103.1732
66.73333333333333,549.64655,818.6846,554.5453,811.9586,541.87885,811.7433,563.16284,814.3507,528.85693,815.42505,578.7842,858.5769,516.8921,860.1605,590.0273,910.3125,502.71198,910.82153,591.40765,956.428,498.79065,958.37854,566.1969,962.72864,526.198,963.2446,566.972,1035.3313,527.206,1035.3424,563.1072,1103.0771,527.29193,1103.1069
83.41666666666667,549.03125,818.51917,554.0617,811.8408,541.4105,811.724,562.9957,814.0735,528.7964,815.3517,578.7663,858.42444,516.68384,860.23035,589.90247,910.4071,502.80658,910.8429,591.6919,956.6869,498.90393,958.5022,566.2667,962.54724,526.1426,963.246,567.4348,1035.2377,527.02545,1035.1257,563.2731,1103.0481,527.32104,1102.9559
100.10000000000001,549.80237,818.7479,554.72034,811.92664,541.90906,811.80054,563.17993,814.21313,528.78906,815.2667,578.7025,858.65344,516.85706,860.266,589.9498,910.3065,502.67105,911.0488,591.7129,956.5786,498.96805,958.80457,566.3834,963.3096,526.0929,963.7472,567.7284,1035.8127,526.9535,1035.721,563.63293,1103.1897,527.4192,1102.9868
116.78333333333333,549.48474,818.9967,554.3059,812.0913,541.48975,812.14,563.1019,814.15466,528.8015,815.6454,578.62524,858.6675,516.63464,860.3009,589.99915,910.44666,502.76212,911.1094,591.78125,956.45386,498.93747,958.87573,566.4696,963.1575,525.9275,963.68933,567.3822,1036.1687,527.07983,1035.6228,563.6942,1103.4149,527.594,1103.1202
133.46666666666667,548.7522,818.87366,553.8773,812.14636,541.0093,812.18286,562.932,814.3771,528.7742,815.693,578.51746,858.86743,516.55115,860.4458,589.8893,910.68384,502.71463,911.0381,591.82324,956.67834,498.8104,959.1763,566.4186,963.5487,525.88293,963.94336,567.71423,1035.8881,527.4939,1035.377,563.9087,1103.623,527.657,1102.9573
150.15,547.32294,817.7661,552.8237,811.27844,540.0,811.7528,562.27856,814.00305,528.56006,815.999,578.243,858.6433,516.63696,860.353,589.5981,910.60913,502.93762,910.72046,591.9369,956.70166,498.7249,958.5653,566.28546,963.2062,525.773,963.45605,567.6904,1035.9238,527.13214,1035.5653,563.9901,1103.4442,527.542,1103.1008
166.83333333333334,546.63806,817.50977,552.31555,811.1039,539.40076,811.7284,562.08966,814.0692,528.39124,816.2666,578.04083,858.8723,516.47076,860.4885,589.46783,910.69324,502.86084,910.6095,591.8992,956.7462,498.65674,958.41675,566.0248,963.245,525.6896,963.6647,567.69354,1035.8503,527.17725,1035.4272,564.0033,1103.499,527.50195,1103.2577
183.51666666666668,546.5715,818.4385,552.42737,811.56946,539.17206,812.2512,562.16174,814.21277,527.96106,816.2377,577.734,858.89014,515.9829,860.254,589.0823,910.568,502.28668,910.62036,591.8096,956.46606,498.12946,958.2516,565.6976,963.0431,525.1387,963.43787,567.4529,1035.7148,527.3758,1035.501,564.1781,1103.482,527.50195,1103.5796
200.20000000000002,547.22925,818.9946,552.46765,812.05066,539.4862,812.6798,561.74567,813.9232,527.87164,816.4171,577.565,859.10596,515.4872,860.42773,588.61346,910.5139,502.12146,910.34546,591.8188,956.7706,497.7425,958.3021,565.53406,963.1925,524.7758,963.527,567.137,1036.1438,526.9167,1035.8679,564.2325,1103.7999,527.4661,1103.5234
216.88333333333335,545.1952,819.9149,550.7603,812.9254,538.2359,813.6129,561.0503,814.8767,527.2938,816.95166,577.12537,858.9663,515.1258,860.0585,588.3665,910.26794,501.63556,910.302,591.84485,956.30664,497.8698,958.72205,564.9181,963.3174,524.28625,963.60034,566.5702,1035.9865,526.5181,1036.6958,564.5338,1103.9346,527.3997,1103.406
233.56666666666666,542.82825,818.9282,548.9873,812.39624,536.2522,812.82666,560.02026,814.51953,526.8186,816.5845,576.6293,859.0491,514.5405,860.4944,588.0194,910.4144,501.3102,910.7544,591.6754,956.1371,497.52396,958.7284,564.7212,963.50745,524.0134,963.86304,566.64185,1035.9526,526.4552,1036.9349,564.56824,1104.0011,527.4667,1103.0441
250.25000000000003,541.7634,820.50256,547.5554,813.80383,535.5122,814.56274,558.8562,814.3722,526.3661,816.94214,576.03357,858.81934,514.1726,860.61145,587.4923,910.5051,500.5834,910.8081,591.4109,956.203,496.65738,958.7219,564.4387,964.0665,523.6588,964.4768,566.5842,1036.0504,526.2606,1037.4476,564.43567,1103.8947,527.4214,1103.3468
266.93333333333334,540.9704,821.20544,546.73346,814.49976,534.3928,815.11646,558.5946,814.72266,525.88605,817.1177,575.61835,858.77686,513.7101,860.63916,587.2692,910.6432,500.2478,910.7062,590.8272,956.7295,496.3553,958.75024,563.7988,964.2134,523.18915,964.62585,566.2569,1035.9973,526.2508,1037.7206,564.81696,1104.0726,527.69556,1103.6538
283.6166666666667,539.0854,822.5609,544.86224,815.58545,532.76184,816.2366,557.06006,815.42554,525.2072,817.6002,575.26935,858.87146,513.3499,860.77124,587.15094,911.5182,499.695,911.0563,590.55237,957.197,495.80487,959.09326,563.2403,964.19543,522.8995,964.6904,566.0587,1036.4026,526.0356,1038.2642,564.6542,1104.0924,527.87665,1103.9998
300.3,537.06116,822.8487,542.97626,816.1501,531.19525,816.63995,556.157,815.8826,524.3158,817.7707,574.577,859.1484,512.53625,860.9233,586.52826,911.26654,499.2414,911.1303,590.3568,956.7425,495.78198,959.08,562.87305,964.8532,522.57837,965.42975,565.8491,1036.3475,525.81824,1038.6975,564.63666,1104.2167,528.03174,1103.975
316.98333333333335,535.2055,823.45953,541.07513,817.0601,529.6473,817.2664,555.1211,816.6646,523.489,817.70575,573.6973,859.07355,512.1734,860.5899,585.5947,910.80304,498.70782,911.1966,589.7585,956.75885,495.25073,959.7846,562.0182,965.054,521.6588,965.49567,565.4722,1036.2078,525.28656,1038.8269,564.4198,1104.2307,527.9233,1103.7295
333.6666666666667,534.139,820.9846,540.36444,815.2224,529.023,815.46704,553.70123,815.9133,522.8903,816.9468,572.5986,858.8633,511.47754,860.54004,585.14136,911.0502,498.0052,911.3655,588.97314,957.114,494.70056,960.0698,561.3623,965.2273,520.9439,965.81006,565.14667,1036.119,524.6867,1039.1475,564.24384,1103.3676,528.27545,1103.1515
350.35,533.35345,822.95483,539.113,816.93616,527.86523,817.1682,552.9508,815.98706,522.0166,817.39294,571.91095,858.95935,510.6482,860.67883,584.5875,911.11646,497.21228,911.229,588.3596,957.3059,494.0959,960.4795,560.728,964.72876,520.3142,965.0348,564.9538,1035.517,524.27386,1038.2938,564.18097,1102.8278,528.2688,1103.0964
367.03333333333336,531.41095,820.7532,537.18286,814.84143,526.2299,815.4335,551.9146,814.8977,521.08496,816.43835,570.93207,859.02625,509.61487,860.93335,583.656,910.94775,496.42462,911.7274,588.04926,957.2584,493.42944,960.7334,559.6601,964.06055,519.2675,964.67896,564.64777,1034.1334,523.7522,1037.8641,564.05945,1102.1387,528.2644,1103.2876
383.7166666666667,532.14026,823.1579,537.65375,817.17267,526.5211,817.4859,551.4718,816.37775,520.47034,818.12054,569.9896,858.86774,508.57483,861.62396,582.8325,911.02594,495.58063,912.23663,587.6422,957.0866,493.31183,961.23834,558.81836,963.3798,518.58264,964.28046,564.8129,1033.9081,523.33545,1038.1376,564.3063,1101.3527,528.22943,1103.7648
400.40000000000003,531.76184,822.76917,537.3241,816.7628,526.1434,817.23096,550.57513,816.1194,519.69196,817.85156,569.0431,858.7783,507.5985,861.5105,582.1343,911.2637,494.85913,912.5409,586.89087,957.0287,492.8037,962.25037,558.04,963.4802,517.88965,964.48596,564.43445,1032.7577,522.7029,1037.571,564.18024,1100.2322,528.17706,1103.1941
417.08333333333337,531.2834,822.9013,536.8371,816.753,525.4888,817.42096,549.7022,816.5434,518.8742,818.3094,568.2541,858.88495,506.34296,861.62885,581.2722,911.0181,494.27228,913.18195,586.8147,956.8399,492.97418,962.919,558.116,962.6722,517.9495,964.52325,564.42993,1032.2767,522.7233,1037.3682,563.88837,1099.8236,528.2582,1103.5786
433.7666666666667,530.4624,821.4697,536.0027,815.1637,524.70984,815.9479,548.9536,816.05164,518.173,818.17224,567.40173,859.10034,505.34842,861.42126,580.6349,910.755,493.4722,912.91943,586.3513,956.8131,492.6591,962.8135,557.63696,962.52747,517.6073,964.11475,564.30664,1032.1823,522.34595,1037.9575,563.84033,1099.3899,527.9784,1103.6132
450.45000000000005,529.683,823.3128,535.1039,817.2337,523.8484,817.82513,548.1465,816.99164,517.2925,818.8107,566.7523,859.0336,504.31894,861.5776,579.6456,910.72516,492.5552,913.11005,585.67554,956.73785,492.41507,963.03754,557.60706,962.22943,517.2816,964.07733,563.81885,1032.0254,521.7003,1038.0896,563.57605,1098.8767,527.2446,1104.072
467.1333333333333,528.4978,823.18005,533.9403,817.09595,522.80194,818.06604,547.10706,816.8524,516.6714,818.9885,566.41003,858.95105,503.67004,861.8612,579.0834,910.42346,492.04352,913.1478,585.01843,956.50024,492.14703,962.94006,557.09625,961.9331,517.0484,963.93567,563.9586,1031.9282,521.20514,1037.7063,563.1425,1099.1445,527.2348,1103.6107
483.81666666666666,528.60425,823.1991,533.8729,817.13696,522.75964,818.0449,546.29395,817.1471,516.05585,819.1177,565.6836,859.1471,502.6269,862.16296,578.47833,911.06934,491.5691,913.7594,584.2307,957.0377,492.016,963.39294,556.42224,961.7117,516.5233,963.8866,563.8571,1030.5863,520.82355,1037.3701,563.03015,1098.411,526.8171,1102.7406
500.50000000000006,528.49963,824.96405,533.9595,818.8526,522.6035,819.49164,545.786,818.2542,515.2179,819.9334,564.82166,858.9683,501.99594,862.25934,577.9293,910.7902,491.25626,913.3682,583.24097,957.127,491.62436,963.44635,555.79175,961.6713,516.05566,963.6877,563.1179,1030.0587,520.5958,1037.1675,562.4049,1098.0825,526.66504,1102.385
517.1833333333333,527.62756,823.93134,533.18567,817.7714,521.80096,818.46063,544.9656,817.77057,514.7753,819.33136,564.07874,858.7255,500.91406,861.706,577.16455,910.9134,490.55286,913.1484,582.3236,957.28827,491.52338,963.44635,555.15094,961.571,515.5126,964.23834,563.40955,1029.0964,520.7109,1037.436,561.44336,1097.3464,526.5219,1102.8086
533.8666666666667,527.46643,823.36505,533.0086,817.1347,521.527,817.7763,544.4512,817.8222,514.30255,819.1611,563.73474,858.9406,500.01227,862.066,576.6652,911.34503,489.9931,913.71735,581.7249,957.5756,491.63788,963.981,554.8239,961.201,515.38025,963.936,563.3697,1029.2917,520.43713,1037.8071,561.10443,1098.0518,526.23096,1102.9202
550.55,526.88025,825.6929,532.4237,819.6776,520.80566,820.197,543.84753,818.68396,513.6017,820.18994,563.3196,859.155,499.48312,862.05383,576.29895,911.6505,489.50955,913.8573,580.9552,958.2611,491.66873,964.5631,554.303,961.0646,514.80994,963.80164,562.02246,1029.9923,520.1095,1038.0087,560.64404,1098.9624,526.01746,1102.5981
567.2333333333333,525.7538,824.8412,531.2545,819.04395,519.7438,819.4192,543.16034,818.8269,513.1139,820.0775,562.5359,858.9608,499.00525,862.0934,575.8582,911.44275,488.78668,914.2805,580.1543,958.23804,491.6875,964.6395,554.14124,960.73193,514.77924,963.71765,560.73706,1030.0427,520.02515,1037.9401,559.91504,1099.6742,525.78296,1102.121
583.9166666666666,525.2567,824.27423,530.7223,818.5838,519.4939,819.0472,542.64307,818.5445,512.71814,819.79095,562.1184,858.7193,498.34848,862.16534,575.24084,910.6822,488.6052,914.22455,579.3811,957.48834,491.47208,963.9926,553.84033,960.2236,514.3927,963.3593,560.70264,1029.772,520.3209,1037.0818,559.1615,1100.6221,526.2489,1102.0217
600.6,524.4935,825.53436,529.73,819.88715,518.5668,820.2026,542.25146,819.24664,511.8455,820.6694,561.7556,858.9892,497.91,862.5334,574.64734,911.3946,487.6309,914.7779,578.58875,958.503,491.25522,964.3913,554.0276,961.02655,514.23804,964.17865,559.9978,1030.5571,520.38794,1037.5865,558.88635,1100.3944,526.2864,1102.1783
617.2833333333334,524.4491,824.3218,529.56885,818.5397,518.53845,819.0757,541.2826,819.162,511.5037,820.5681,561.2096,858.3937,497.53165,862.48535,574.3485,910.6655,487.47653,914.3059,577.5735,958.9745,491.08395,964.4104,554.21094,961.0325,514.1648,963.6576,558.7638,1031.2122,520.1721,1037.6503,558.82886,1100.5452,526.3645,1102.1388
633.9666666666667,523.67206,824.52,528.88916,819.01904,517.8667,819.08093,540.48395,819.4844,510.77075,820.23645,560.02686,858.3119,496.69653,862.8096,573.92096,910.0392,487.0008,914.5696,577.19446,958.6698,490.58984,964.24475,553.66064,960.98303,513.6059,964.0021,557.6432,1031.3063,520.084,1037.732,558.7936,1100.4122,526.6131,1102.0802
650.6500000000001,522.8448,825.7267,528.1003,819.9791,517.0447,820.4302,540.3295,819.2942,510.4897,820.855,560.1233,858.5748,496.59656,862.874,573.5121,910.17847,486.43927,914.96204,576.7281,958.7092,490.23218,964.93787,553.35486,960.08545,513.3474,963.15625,556.594,1031.6991,520.07184,1038.1442,558.91754,1101.0894,526.23676,1102.2711
667.3333333333334,521.9778,825.8578,527.1596,819.91565,515.88635,820.44934,540.2033,819.45984,509.5515,821.1659,560.0019,858.7036,496.15784,863.02136,573.17487,910.73816,485.8141,914.9957,576.6599,959.5112,490.01782,965.3894,553.47144,961.2174,513.0528,963.7617,555.6055,1032.8481,519.56903,1039.3339,558.09534,1101.76,526.21643,1103.2643
684.0166666666668,522.85547,823.9144,528.324,817.8959,516.8374,818.0122,540.1279,819.36755,509.8121,820.6686,559.8191,859.0785,495.7496,863.60144,573.1405,911.0737,485.53635,915.42566,576.5958,959.7114,489.95163,966.1643,553.03516,960.6238,512.71826,964.1664,555.056,1033.3813,519.5897,1040.2975,557.83984,1102.4579,526.1094,1103.7019
700.7,523.72894,826.10254,529.3304,820.0244,517.5351,820.2418,540.3271,820.4287,509.5337,821.60876,559.6426,859.4447,495.59546,863.91077,573.17535,911.57263,485.37518,915.97314,576.3595,960.1903,489.75024,966.53076,552.86774,961.40967,512.7547,964.64136,553.9904,1035.1049,519.99524,1040.8146,557.8785,1104.4567,525.92975,1103.8107
717.3833333333333,523.35645,828.21686,528.7962,822.1342,517.25,822.73724,540.11304,820.6431,509.4171,822.2242,559.5725,859.94025,495.32843,864.3957,572.8256,912.29205,485.33228,916.5643,576.47095,960.388,489.479,967.0579,552.72375,962.59564,512.75806,965.83795,553.2193,1036.0417,520.3601,1041.7866,557.2344,1104.4495,525.8705,1103.7104
734.0666666666667,523.7376,829.28735,528.87537,823.1459,517.4692,824.0083,540.02747,820.75757,508.70575,822.79285,559.317,859.9291,494.98395,864.45374,572.941,912.5956,485.0937,916.6522,576.2966,960.9918,489.09924,967.2251,552.6059,962.2295,512.5517,965.5139,552.94495,1036.0863,520.23816,1041.497,557.5494,1104.3741,525.92957,1103.9856
750.75,523.6792,831.00366,529.35986,825.02747,517.4635,825.2877,540.2303,822.9591,508.48578,823.9414,559.3234,860.4263,494.89362,864.70544,572.91986,912.7367,484.5677,917.0641,576.09467,961.1815,488.73804,967.8026,552.4543,962.60205,512.4194,966.0635,552.52167,1036.0317,520.00653,1040.83,557.33325,1105.3657,526.0926,1104.4883
767.4333333333334,523.0728,830.8832,528.5595,825.0842,516.94336,825.3319,539.84576,822.82666,508.14026,824.1532,559.27795,860.8174,494.31976,865.2821,572.8302,913.4088,484.29944,917.48596,576.0988,961.6155,488.2528,968.24646,552.3583,963.24475,511.96356,966.92224,552.0735,1035.686,519.7412,1041.1818,556.2396,1104.6646,525.7943,1104.236
784.1166666666667,523.199,831.51385,528.6976,825.70306,517.2103,825.939,539.87964,823.1608,508.25983,824.3813,558.85535,860.91754,494.42737,865.61017,572.6794,913.2038,484.23022,917.76935,575.8529,961.6761,487.54785,968.7474,551.85175,963.83356,512.0066,967.94745,551.2186,1036.6942,519.5114,1041.6326,557.0876,1106.0043,526.2558,1104.0938
800.8000000000001,521.9278,832.3149,527.4194,826.5358,515.7263,826.49396,539.5518,823.55975,508.20032,825.10333,559.0629,861.8305,494.69275,865.78864,572.71313,914.3134,484.03467,918.0015,575.84863,962.59357,487.26685,969.2603,551.89496,964.8389,511.70245,968.642,550.32635,1037.9384,519.2666,1042.6069,555.876,1105.5756,526.2263,1105.1991
817.4833333333333,523.1173,831.53644,528.51984,825.7707,517.0559,825.7664,540.09106,823.4058,508.89355,824.80914,559.18866,861.826,494.9214,865.5317,572.6964,914.43243,483.8025,917.97906,576.0996,962.6381,486.77148,968.93097,551.5106,964.04584,511.33344,967.37714,549.9228,1035.6974,519.0396,1040.9758,554.2915,1106.3018,525.94495,1104.1155
834.1666666666667,522.9243,832.46387,528.2923,826.54346,516.7642,826.53125,540.0194,823.5708,508.66504,824.89246,559.4056,862.03125,494.9395,865.49414,572.6991,914.8179,484.02588,917.7711,576.2734,963.3922,486.49524,968.8926,551.53815,963.9363,511.1773,967.25024,549.5305,1035.9806,519.128,1040.8333,553.52136,1106.178,525.8121,1103.1587
850.85,524.7397,833.9116,530.1977,827.21106,518.21564,827.6399,540.89545,823.479,508.90295,825.4573,559.76935,862.04016,495.19702,865.5768,573.0097,914.9896,483.95074,917.6786,576.33,964.1304,486.28265,969.0333,551.55273,964.30457,511.09882,967.58154,549.02277,1036.4716,519.0671,1041.1937,552.2849,1106.2251,525.1344,1103.2856
867.5333333333334,526.4332,833.5668,531.7989,826.4763,519.8348,827.27466,541.3966,822.02954,509.39954,824.8793,560.0807,861.8994,495.39905,865.1904,573.5736,915.0703,483.71265,917.2627,576.3647,964.4313,486.05176,968.79004,551.62396,964.0449,511.10675,967.30786,548.76874,1036.4376,518.936,1040.8899,551.0282,1107.0883,524.4857,1103.7268
884.2166666666668,527.4992,833.73676,532.8973,826.4891,520.9255,827.3195,542.3172,822.2635,510.0158,824.3405,560.3139,861.846,495.45734,864.5617,573.7575,915.23944,483.82672,917.0671,576.6336,964.29974,485.5844,968.1381,551.5068,964.273,511.47034,967.0441,547.87494,1036.6022,519.0816,1040.5452,549.5737,1107.5698,524.71844,1103.4978
900.9000000000001,526.6734,832.66736,532.2395,825.86707,520.3134,826.1587,542.4391,821.9402,510.53168,823.61597,560.97156,861.37524,495.91364,863.7936,574.2192,914.9607,483.84216,916.2943,577.01855,964.22986,484.8841,967.45544,551.70874,964.1554,511.42383,966.81006,547.6636,1036.3579,518.82623,1040.641,548.7209,1108.8273,524.8124,1103.6344
917.5833333333334,526.70483,833.91003,532.38226,826.98926,520.4442,827.3373,543.591,821.70374,510.7483,823.8207,561.7412,861.4812,496.72382,863.3374,574.6163,915.0896,483.93353,915.782,577.38727,964.05505,484.13123,966.7583,551.45197,964.1028,511.273,966.61194,547.2717,1036.0042,518.85425,1040.4426,545.77893,1109.7518,523.78467,1102.2234
934.2666666666667,527.1277,832.33044,532.9072,825.41785,521.1333,825.4917,544.0714,820.54724,511.38028,822.46423,562.10156,861.19714,496.9838,862.6907,575.06824,914.85364,483.82327,914.9463,577.55725,963.94836,483.65402,966.03394,551.40125,963.44617,511.09787,965.8705,546.41504,1035.5667,518.4121,1039.8344,545.0886,1109.7057,522.5702,1101.328
950.95,527.6383,831.3689,533.45447,824.7991,521.422,824.52075,544.8996,820.38306,511.90314,821.95776,562.7727,860.7949,497.44995,862.16943,575.42944,914.39575,484.1678,914.16895,577.32025,963.6249,483.6651,964.8706,551.13306,963.2698,511.08752,965.3406,546.31006,1036.7212,517.898,1041.43,544.2151,1108.7749,522.5139,1100.2759
967.6333333333333,529.5404,830.9573,535.42737,824.16614,522.77344,824.02014,545.76105,820.479,512.18726,822.0399,563.09863,860.5409,497.73315,862.0022,576.0533,913.9752,484.21942,913.6588,577.37805,962.97156,483.265,964.58154,551.30505,962.9606,511.07953,964.839,546.51105,1036.794,517.5411,1041.5126,544.43823,1109.2137,522.1463,1100.1545
984.3166666666667,529.464,828.81836,535.2633,822.1216,522.8495,822.26416,545.8313,820.0304,512.66956,821.3065,563.728,860.5698,497.94278,861.61475,576.1869,914.0569,484.4153,913.4418,578.30554,962.94214,482.98727,963.9236,551.78015,962.56165,511.43057,964.1655,547.3838,1037.1511,516.901,1040.7843,544.83923,1109.3269,520.47363,1100.9084
1001.0000000000001,530.8359,829.0507,536.85315,822.1943,524.0891,822.2636,546.9766,819.29877,513.0547,820.3039,564.001,860.07697,498.2834,861.242,576.41583,914.10565,484.8559,912.9837,578.73956,963.0556,483.31738,963.70013,552.05084,962.12494,511.73425,963.65436,548.1453,1038.0492,517.28046,1040.8627,545.0221,1111.3011,519.8597,1101.8105
1017.6833333333333,530.5857,827.6728,536.57983,820.79803,523.78284,821.0938,546.9675,818.38165,513.3567,819.42865,564.3051,859.3748,498.45813,860.4594,577.14307,913.6773,485.23016,912.39716,579.38306,962.9451,483.3069,963.04474,552.5624,961.8951,511.83484,963.26056,547.67126,1039.2092,516.32104,1041.0941,544.1388,1112.4961,519.56116,1098.5054
1034.3666666666666,530.135,826.6942,536.2561,819.7925,523.4143,819.8938,547.5248,817.44324,513.38184,818.43005,564.7064,859.1323,498.46365,860.2124,577.48645,914.23706,485.4774,912.3751,579.5419,963.8888,483.4727,962.77185,552.97656,962.24634,511.98074,963.6499,547.4872,1039.7538,515.6749,1041.5562,543.3595,1111.6404,519.51465,1095.1027
1051.05,532.3379,825.6843,538.0552,818.27136,525.2283,819.1024,548.1987,815.7749,514.0681,817.8894,565.06384,858.47595,498.3038,860.5752,577.4679,914.10767,486.1348,912.8264,580.3821,963.5481,484.0707,964.16174,553.4586,962.8513,511.37668,964.33276,548.03284,1040.8938,515.0653,1043.2375,543.25085,1111.6848,518.0969,1096.0348
1067.7333333333333,531.3818,823.84875,537.10736,816.6732,524.4529,817.1903,547.7041,814.43896,513.8199,816.1482,565.3869,858.24146,498.2049,860.0405,577.6718,914.12415,486.2245,912.8595,580.4626,963.8529,484.02295,964.0006,553.59424,963.2623,511.49725,964.40674,547.9412,1040.9417,514.6653,1042.4731,542.99335,1112.4407,517.38116,1094.5627
1084.4166666666667,531.2096,822.6285,536.8631,815.2043,524.1253,816.18134,547.9372,813.05634,514.074,815.8486,565.7413,857.5296,498.55762,859.6739,577.85614,914.06915,486.75427,912.88275,580.4073,964.17255,484.81482,964.8565,554.12494,963.0413,512.0319,964.33575,547.91974,1040.6184,514.56726,1040.9148,542.4412,1111.5994,515.7953,1094.2593
1101.1,530.4573,820.6298,536.2849,813.51483,523.6981,814.222,548.13306,811.8527,514.0348,814.4578,565.73975,856.46405,498.77628,858.4969,577.79736,912.75775,487.3068,912.0168,580.19556,963.5125,484.8193,963.5599,554.5176,962.9168,512.49255,963.91974,547.42664,1040.4807,514.7866,1041.0867,542.3618,1112.9912,515.19495,1095.7573
1117.7833333333333,528.5676,817.9321,535.05176,811.4951,522.44165,811.6223,547.64294,810.9479,513.8873,812.5126,565.79614,855.6814,499.09512,857.92676,578.01917,912.4053,487.52133,911.42944,580.31836,963.5382,484.95364,963.3275,554.6587,962.34814,512.65405,962.98914,547.9619,1040.6575,514.6803,1039.9089,542.8451,1113.1028,515.04236,1095.0607
1134.4666666666667,528.2104,817.19025,534.9855,810.5611,522.12787,810.5533,547.67126,810.79315,513.6064,811.6021,565.9142,855.09784,498.972,857.394,579.0103,912.7338,487.47748,911.26764,580.3698,963.84503,485.08752,963.23395,554.62006,962.02875,512.4368,962.2142,548.3525,1039.6781,515.1984,1039.4403,542.7799,1112.6699,514.44543,1094.9548
1151.15,528.4341,815.7714,535.34375,809.15204,522.14795,809.56696,547.5082,809.28766,513.56445,811.36237,565.9979,854.17365,499.17203,856.55426,579.5503,911.8774,488.0192,910.94525,580.4973,963.6607,485.85257,962.53314,554.8882,962.1236,512.754,961.8781,548.7805,1041.3395,515.292,1039.0433,542.38086,1112.8677,514.5392,1095.0923
1167.8333333333333,527.12354,812.90784,534.23413,806.6249,521.1129,807.1439,547.60864,808.271,513.46045,810.32275,566.4031,853.80994,499.06808,856.16943,579.5172,911.9977,488.1727,910.42554,580.2853,963.4142,486.2557,961.7595,555.07117,961.68054,512.79004,961.855,549.1299,1041.4814,515.7363,1039.8608,542.5123,1114.0022,513.30676,1099.3643
1184.5166666666667,527.03735,812.00867,533.6692,805.24365,520.7739,806.30334,546.7628,806.44995,512.9579,809.9657,566.5321,853.17224,498.8217,856.1583,580.0978,911.004,488.33475,910.29785,580.42175,962.3395,486.72043,961.4059,555.5652,961.20703,513.3397,961.91846,549.6763,1041.9718,515.8484,1038.9713,542.5094,1114.2494,513.44617,1099.7932
1201.2,527.61707,811.5792,534.30225,804.97546,521.0497,805.62915,546.6887,806.1106,512.75073,809.2623,566.44775,852.7167,498.9144,855.7865,580.2423,910.14514,488.41507,910.08716,580.4352,961.8179,486.64896,961.2178,555.52356,961.23303,513.1843,961.8961,550.00977,1041.8787,516.2073,1038.4081,542.7483,1113.5369,512.8943,1101.8234
1217.8833333333334,526.8861,810.46277,533.9273,803.9429,520.2093,804.2833,547.0963,806.1649,511.75665,808.70056,566.308,852.45166,498.81323,855.68506,580.5566,909.51245,488.6562,910.52625,581.1668,961.3999,487.1773,961.95483,555.83746,963.22876,513.1911,963.89514,549.8731,1042.3552,517.64746,1038.6119,543.01337,1112.8303,513.1391,1105.727
1234.5666666666668,526.2358,809.9722,533.3978,803.2713,519.5981,803.78546,546.9018,806.06464,511.48645,808.3942,566.2396,852.49615,498.56287,855.54596,580.0641,909.8012,488.40497,909.9963,580.4096,960.2004,487.21344,961.18353,555.6072,964.1868,513.1913,963.93634,549.9371,1042.3922,518.03705,1037.7992,543.22253,1112.4562,512.97144,1107.1293
1251.25,525.96387,810.5486,532.9445,804.0758,519.28845,803.98926,546.2163,806.0906,510.9425,807.7825,566.01465,852.4695,498.77222,855.24634,580.1198,910.1361,488.8529,909.62695,579.8639,959.91187,487.2176,960.8157,555.40857,963.9773,513.25916,962.98145,550.0376,1042.1759,518.6222,1036.6168,543.234,1112.2443,513.27783,1107.6438
1267.9333333333334,525.0454,810.5098,531.94836,804.0632,518.3185,803.97394,545.88324,805.94135,510.27197,807.84064,565.9533,852.27264,498.48688,855.2642,580.0769,910.4616,488.7412,910.07135,579.83453,960.1165,486.98212,961.2459,555.04144,963.34894,513.08856,962.1152,549.6373,1042.3602,517.9115,1035.1349,542.9956,1113.014,512.71545,1109.8608
1284.6166666666668,524.3961,809.5825,531.21484,803.0824,517.6753,803.09753,545.6609,805.9227,509.95645,807.6671,565.9182,852.4064,498.40762,855.2113,579.9962,910.2543,488.8434,909.89966,579.2931,959.7549,487.04147,961.058,554.85815,963.6338,512.50256,962.06726,549.5984,1042.6576,517.99036,1035.0215,542.7549,1113.279,512.2501,1113.2375
1301.3000000000002,523.60583,810.20905,530.6633,803.75433,516.96484,803.54364,545.59094,806.0214,509.4376,807.7397,565.66016,852.5163,498.22305,855.1812,579.9658,910.93207,489.62314,910.01215,578.1559,960.5452,487.31345,961.1508,554.5962,963.63007,512.31104,961.6673,549.7346,1043.2544,517.9409,1036.04,543.2638,1113.826,512.16113,1114.9706
1317.9833333333336,524.0668,809.73944,531.12915,803.36273,517.176,803.02826,545.3883,806.1285,509.16547,807.5433,565.68823,852.70026,497.90942,855.61053,579.7283,911.0975,489.03333,910.0733,578.0303,960.6596,487.40002,961.7104,554.83655,964.0793,512.24854,962.25397,549.62274,1042.9523,515.3645,1035.0444,543.10986,1114.2505,512.0298,1116.3636
1334.6666666666667,523.3685,809.7849,530.2579,803.2728,516.54675,803.0829,544.84393,806.1892,508.8114,807.75073,565.49567,852.84644,497.64276,855.6277,579.58453,911.9989,488.75128,910.72046,577.2732,961.27576,487.8026,962.92175,554.2172,964.67505,512.0415,962.9822,549.2677,1043.8201,515.63855,1038.6711,543.07074,1114.0767,511.31885,1117.8141
1351.3500000000001,523.88995,810.649,530.64,803.9842,516.4318,803.97296,544.58093,806.6523,507.8676,808.56696,564.71906,852.9217,497.03485,856.024,578.72906,911.0992,488.93372,911.0809,576.8717,960.6031,487.86023,963.3199,553.5633,963.7653,511.56104,962.21246,548.5994,1043.1571,514.2344,1039.9884,542.9174,1113.2145,511.31964,1117.4032
1368.0333333333335,523.35876,811.6329,530.42456,804.8636,515.7401,804.52435,544.56604,807.4086,507.12497,808.76996,564.391,853.75385,496.0817,856.9816,578.1283,910.8825,488.3583,912.3078,576.44275,960.77826,487.56216,964.2199,553.02185,964.73737,511.38358,963.84576,548.47754,1042.9863,512.8839,1040.6926,542.6918,1112.5146,509.76883,1117.3785
1384.716666666667,523.1741,811.14185,530.55725,804.3208,515.34534,804.18066,544.32886,807.4369,506.37527,808.9796,563.8168,853.79956,495.78726,857.2239,577.8324,910.7843,487.85538,912.5874,575.2656,960.6576,487.2214,964.2129,553.286,966.0154,510.98233,964.6365,548.0303,1042.9597,513.0791,1039.4664,542.10474,1112.1233,508.75912,1116.4253
1401.4,523.04315,811.14197,530.27356,804.2621,514.93524,804.04736,543.604,807.6199,505.54218,809.20667,563.2242,853.75244,495.18762,857.25354,577.35187,910.59595,487.54895,912.6128,575.4014,960.9625,486.89362,965.2865,552.9316,965.7035,510.72113,965.20264,548.5395,1043.2238,513.2182,1040.1687,542.00714,1112.9103,507.07526,1115.9333
1418.0833333333333,521.72046,810.7564,528.9459,803.74054,513.6648,803.6462,542.6022,807.57465,504.6277,809.27277,562.56055,853.5124,493.98376,857.68036,576.8252,910.59064,487.08423,913.00507,574.9774,961.00555,486.16827,965.7497,552.78284,966.3566,510.80945,965.9693,548.94336,1044.3032,512.9842,1042.3713,542.3778,1114.7163,506.74353,1117.4092
1434.7666666666667,521.1086,810.3053,528.5052,802.8739,512.89136,803.3224,542.03735,806.9558,503.8214,809.1266,562.0846,853.1937,493.68384,858.01624,575.7005,910.6046,486.28143,913.6703,574.5725,960.9679,486.00366,966.0421,552.6845,965.7937,510.63904,965.30225,549.93964,1043.6632,512.37427,1042.0969,542.39246,1113.4397,506.13977,1119.6226
1451.45,521.49384,810.58105,528.4753,803.0663,513.0983,803.484,541.2313,806.58484,503.05212,809.4169,561.32935,852.9796,492.59448,857.82544,575.2384,911.94434,486.26117,913.99854,573.4897,961.2886,486.0614,966.78186,552.02216,966.74854,510.1275,965.9553,550.21405,1043.517,511.85883,1043.8477,541.57306,1112.6764,505.50513,1121.017
1468.1333333333334,521.0429,810.28564,527.7604,802.6936,512.2762,803.2123,540.03906,805.8281,501.97705,809.2374,560.46826,852.23303,491.4898,858.25354,574.76715,911.93115,485.10004,914.73315,573.57684,961.5714,485.66846,968.27356,551.9277,966.6448,509.93622,966.1814,551.7726,1043.3424,513.1752,1044.1528,541.454,1112.7144,506.09155,1121.6663
1484.8166666666666,519.8209,809.93036,526.8356,802.2845,511.2384,802.6656,539.3809,805.8226,501.19293,808.72906,560.0962,852.64374,490.7677,858.1844,574.16956,912.26227,484.32233,915.39886,573.21204,961.63727,484.94885,968.78107,551.23914,967.8077,508.95837,967.2299,550.8385,1046.0851,511.7572,1046.0057,541.5868,1111.2852,505.92932,1125.3842
1501.5,518.1747,809.0708,525.4052,801.3872,509.76288,801.7716,538.55426,805.30444,500.21625,807.79443,559.5143,852.15405,490.02698,857.812,573.33923,911.8352,482.71594,915.5305,573.06934,960.947,484.03845,969.2578,550.7079,967.911,508.4193,967.7356,550.29736,1046.3096,512.75055,1046.6202,541.3493,1110.0387,506.07733,1124.8839
1518.1833333333334,517.7396,808.9446,524.80664,801.5338,509.18597,801.58887,537.3766,804.7294,499.4143,806.6737,558.86145,851.71313,488.85974,857.6675,572.93286,911.2516,481.8955,916.5239,572.704,960.6692,483.19586,969.9469,549.8532,967.37476,507.47675,967.37537,550.5879,1044.8083,512.9891,1046.3595,542.45807,1109.1416,506.12518,1124.4319
1534.8666666666668,516.91534,807.859,523.8436,800.29895,508.3839,800.73926,536.86835,803.59265,498.53387,806.50366,558.69434,851.2401,487.6819,857.5592,572.7509,910.73425,480.49634,916.03125,572.6157,960.06213,481.77222,970.21375,549.682,968.1548,506.66895,968.50305,550.44354,1047.3159,513.096,1047.5508,543.2615,1111.2556,505.7683,1124.4537
1551.55,514.7991,806.6737,522.0438,799.4087,506.65692,799.76355,536.0578,803.34753,497.4723,805.83154,557.98694,850.19214,487.28625,856.64966,572.25757,910.1621,479.649,915.1752,572.69714,959.4088,481.08252,970.94556,549.2119,967.93335,505.74512,968.2517,551.234,1048.0481,512.9463,1048.8451,544.41534,1109.6604,505.82092,1124.3496
1568.2333333333333,514.0086,805.586,521.09674,798.3035,505.76062,798.9714,535.36566,802.50946,496.6996,805.6341,557.653,849.5195,487.11877,855.9616,572.1349,909.8649,478.9889,914.4201,572.463,958.9698,480.31146,970.3189,548.5045,966.74677,504.7329,966.7299,551.4865,1048.0374,512.65784,1048.7087,544.1316,1107.2029,505.7115,1123.9143
1584.9166666666667,514.5481,804.94666,521.40735,797.38745,505.80637,798.3573,534.8932,801.4098,496.02707,804.64844,557.0868,848.8873,486.52737,855.4906,571.9652,908.64294,477.89944,914.13696,572.7566,958.8928,479.08682,970.7987,547.8655,967.1117,503.80466,967.64514,551.9939,1047.3159,512.15784,1049.0399,544.29614,1105.4333,505.89017,1124.0468
1601.6000000000001,514.61487,803.79144,521.45276,796.35114,505.60483,797.3304,534.8102,800.3366,495.7477,804.033,557.297,848.09674,486.07205,854.6213,571.9263,908.2885,476.98752,913.8415,573.0238,958.67474,478.08408,970.6585,547.46814,966.5787,503.13297,966.9412,552.6543,1048.1042,512.547,1050.0063,544.9723,1103.759,505.5168,1126.1968
1618.2833333333335,513.7101,803.55566,520.79126,795.77246,504.92862,796.8628,534.5585,799.43787,495.53433,802.9044,557.0709,847.4667,486.24887,853.8507,571.77405,908.01416,475.73056,913.06824,572.97754,959.4675,476.64236,969.9546,547.09314,966.1195,502.506,967.0023,553.5305,1046.297,511.8679,1048.9331,545.1885,1101.6658,505.70358,1125.8826
1634.9666666666667,513.7914,802.5886,520.9369,794.72327,504.9882,795.7433,534.43677,797.93604,495.572,801.70276,557.45605,846.9684,485.81387,852.42444,571.8451,907.2406,475.63766,912.3522,573.4552,958.7296,475.8264,969.46875,546.4802,965.09326,501.78378,966.208,552.8241,1045.9889,511.80197,1049.3314,545.6699,1102.5199,505.99478,1126.4049
1651.65,514.83014,801.4862,521.55725,793.1196,505.31696,794.47595,534.32166,795.87976,495.3636,801.1107,556.96484,845.3983,485.3083,851.506,571.91034,905.57007,474.1333,911.6074,574.20886,957.5304,474.59412,968.55115,547.2227,963.69666,501.60028,965.18066,553.5268,1044.4945,510.5136,1048.821,545.0899,1102.6776,506.02692,1124.444
1668.3333333333335,514.30273,799.67316,521.38586,791.5534,505.27798,792.66864,534.4695,795.0457,495.6041,799.38556,557.192,845.1252,485.1284,850.3659,571.82715,905.07733,473.8159,910.85223,574.78613,957.20087,474.07053,967.60675,547.6769,962.0451,501.74716,963.94855,554.26514,1043.1469,509.97446,1049.2225,545.34326,1103.323,505.74924,1124.4546
1685.0166666666669,512.9647,798.18713,520.30194,790.5642,504.50983,791.6323,533.9345,794.2285,495.17657,798.1592,556.69464,843.51306,484.492,849.35266,571.87646,903.83887,473.16217,908.51697,575.02814,956.7578,473.63153,966.88916,547.26575,959.683,500.9878,961.9064,554.08997,1041.3708,508.06165,1047.3385,545.63745,1107.7083,505.7514,1124.7996
1701.7,514.0976,797.16766,521.2948,789.3155,505.2077,790.4814,534.3951,792.9632,495.40295,797.3565,556.7874,842.3619,484.12006,848.20294,571.9432,903.5916,472.73584,907.72797,575.10504,956.8056,472.63422,965.5894,547.38196,958.8654,500.65375,961.1496,554.2084,1041.2642,508.4088,1047.4354,546.21356,1110.401,505.71375,1123.954
1718.3833333333334,514.0222,796.3207,521.1559,788.45374,505.4803,789.62244,534.5318,791.8474,495.58948,796.59436,557.59424,841.651,484.07416,846.9347,572.0711,902.96826,471.9956,906.75183,575.37964,956.151,471.8286,964.2445,547.424,958.1456,500.3504,960.3048,554.03235,1040.2833,508.32587,1045.4839,546.19257,1111.6898,505.60358,1124.1476
1735.0666666666668,514.2362,794.82227,521.5288,787.2097,505.85538,788.22864,534.63965,790.9723,495.8311,795.0232,557.6233,841.35364,483.8207,846.453,572.8718,903.55054,471.82468,905.5475,575.5984,956.3688,471.35788,964.1012,547.66565,958.75024,500.2991,961.0912,553.43884,1040.9575,508.1913,1046.016,545.9956,1115.8568,505.6163,1125.603
1751.7500000000002,514.7588,794.2227,522.5189,786.81464,506.32413,787.3886,534.8357,790.7154,495.95822,793.955,557.8939,840.6545,483.8716,845.59564,572.9783,902.87213,471.4564,904.2586,576.3673,955.6967,470.48703,962.00775,547.40393,958.6895,500.0875,960.8715,552.58594,1040.1312,507.74826,1046.0293,545.7092,1117.5659,505.5278,1124.1985
1768.4333333333336,514.76086,793.8418,522.54114,786.58496,506.76517,787.0353,535.0298,790.2092,496.36526,793.29834,557.99255,840.2914,483.56564,845.21716,573.1212,902.60095,470.87564,903.3274,577.40625,956.38525,469.8193,959.44214,547.5873,958.51624,500.27634,960.6022,552.7842,1040.6265,507.66495,1046.1195,545.3574,1122.6046,505.37686,1125.2014
1785.1166666666668,515.4164,793.81946,523.2355,786.2224,507.31223,786.9729,535.5503,789.8452,496.78543,793.46204,557.72034,840.50464,483.90262,845.5598,573.2805,902.6863,470.92764,903.2532,577.5464,956.15686,469.69437,958.2374,547.4581,958.5449,500.19632,960.9514,550.9912,1041.1156,507.0917,1046.8086,546.20544,1125.2559,505.71634,1125.3746
1801.8000000000002,515.748,793.60645,523.4969,785.948,507.6294,786.66187,535.68475,789.8584,496.97235,793.29333,558.04175,840.7377,483.71857,845.26904,574.1435,903.41895,470.12604,902.83105,577.8456,956.44116,469.2093,957.9044,547.2377,958.5864,499.77667,961.0099,550.0185,1040.7904,507.1029,1046.5103,546.0619,1127.7815,505.5277,1125.9198
1818.4833333333333,516.20496,793.60583,524.0185,786.14233,508.15906,786.7344,535.79175,789.8612,497.17786,793.0471,558.0819,840.6184,483.6399,844.9498,574.4609,903.5398,469.37622,902.2689,578.4527,957.1162,468.3393,955.6179,547.1233,958.50757,499.38153,960.6698,549.154,1041.3538,507.01898,1047.2588,546.33435,1129.0071,505.4359,1126.8623
1835.1666666666667,517.2864,793.62415,525.0679,786.1764,508.9835,786.7417,536.6405,789.7268,497.24265,793.00696,558.24524,840.49963,483.4122,845.1227,574.6842,903.5647,468.86667,902.16833,578.4347,957.8961,467.8757,954.6781,547.33105,958.5869,499.30264,960.5469,548.3446,1041.593,506.70316,1047.9336,546.6327,1129.5344,505.12552,1127.0566
1851.85,518.22577,793.5566,525.9573,786.23285,509.9239,786.6451,537.1784,790.2974,497.59735,793.46234,558.98395,841.0953,483.76538,845.51556,574.77844,903.8327,468.87604,901.9925,579.1005,957.6539,467.65546,953.3382,547.49445,959.2696,499.21576,961.2625,547.87164,1041.4014,506.39026,1048.3364,547.1576,1131.1389,504.72754,1127.311
1868.5333333333333,519.04456,793.10254,526.4793,785.9093,510.94952,786.3788,537.038,790.385,498.51324,793.8801,559.1263,841.083,484.16248,845.65234,575.3618,904.7877,468.88763,902.46436,579.1934,959.396,467.3482,953.29346,547.48004,959.61914,499.43817,961.48096,547.9517,1042.4309,507.53198,1048.8756,548.25134,1130.8406,504.88416,1127.2642
1885.2166666666667,519.92065,793.8165,527.5569,786.32556,511.50412,786.8097,538.17847,790.4093,498.87234,793.7616,559.5287,841.193,484.69125,845.423,575.80835,904.57544,468.75107,902.4624,579.452,960.03613,466.99228,953.2588,547.84863,959.76013,499.54514,961.7041,547.69165,1041.9579,507.9008,1049.1624,549.2328,1130.6158,505.31577,1127.4324
1901.9,520.817,793.8611,528.59033,786.34265,512.14624,786.74365,539.17865,790.5991,499.19153,793.5265,560.1821,841.5531,484.64722,845.5199,576.5421,904.9525,468.5545,902.66833,580.29395,960.26416,466.5536,952.8169,547.8783,960.2687,499.54724,961.6925,547.1251,1041.6179,506.86377,1048.4377,550.35297,1127.0796,505.67535,1125.6758
1918.5833333333335,520.99176,793.8291,528.58997,786.59143,513.038,786.9944,539.24854,791.265,500.17322,793.28174,560.83215,841.7007,485.5702,845.20557,577.0422,905.3251,468.32318,902.2427,580.48627,960.9623,466.31482,952.9878,547.7844,960.4933,499.41888,962.225,547.55774,1043.3506,506.65112,1047.7905,549.2531,1127.2484,505.84442,1124.4458
1935.2666666666667,522.5988,794.2394,530.12085,786.8734,514.085,787.3362,540.5932,791.46155,500.74994,793.72644,561.47327,842.1272,486.07135,845.4363,577.3575,904.9949,468.13715,902.2483,580.5565,961.5327,466.04907,952.7407,547.8461,962.23486,499.2636,964.5217,547.53107,1044.2084,506.09265,1048.694,549.15594,1126.6202,505.724,1122.9434
1951.95,522.7902,793.5518,530.52423,786.3979,514.5112,786.8526,541.68414,791.5113,501.6175,794.11176,561.9531,842.1784,487.10754,845.44025,577.4896,905.1036,468.29956,902.3681,581.0736,962.8687,465.76776,953.17584,548.64667,961.4058,499.6407,963.1313,547.8374,1044.9854,505.62573,1049.1292,548.9801,1128.8364,505.31732,1124.5608
1968.6333333333334,523.56006,793.6173,531.09045,786.6581,515.3931,787.2611,542.64325,791.83276,502.62292,794.13904,562.71246,842.35815,488.66693,844.36584,578.0452,904.6334,468.81122,901.40466,581.8444,962.8635,465.56976,952.7449,548.80664,961.3855,499.8247,963.20703,547.6901,1045.5029,505.974,1049.5059,548.72876,1132.5052,504.56592,1126.1636
1985.3166666666668,526.6836,793.16925,533.57446,785.9084,517.7886,786.24774,544.718,791.4737,503.44138,792.7912,564.06445,843.0959,488.96896,844.8542,578.99695,905.37787,469.12613,902.2681,582.099,963.5258,465.4114,953.2032,548.9365,961.1989,500.2974,962.3643,547.6465,1045.6172,506.02322,1048.7246,546.77625,1133.1023,504.21982,1126.1753
2002.0000000000002,527.72144,793.0613,534.5547,785.72363,518.8639,786.1178,545.65784,791.0925,504.39975,792.87305,565.1677,843.3512,490.0576,845.24133,579.6548,905.3992,469.6967,902.568,582.5139,963.50354,465.24893,953.45374,549.7085,960.48096,500.97348,962.21277,548.131,1045.614,506.33005,1047.514,545.875,1135.7834,504.48984,1125.505
2018.6833333333336,529.1249,792.1533,535.843,784.968,520.5894,785.2384,547.08954,790.0773,506.32574,791.7551,566.42377,843.0021,490.99323,843.97705,580.61035,905.6301,470.26428,902.16113,583.01666,965.0515,465.3645,953.8556,550.3094,961.4431,501.48627,962.98535,547.76025,1046.4045,504.63397,1048.9463,544.52936,1139.0647,504.52057,1125.9183
2035.3666666666666,530.2844,792.61646,536.9231,785.157,521.5419,785.60876,548.3342,789.2494,508.06296,791.6648,568.1022,842.699,492.36807,843.1731,581.3074,905.5725,471.2712,902.02405,583.2854,964.7479,465.2211,954.1786,550.824,961.17786,502.01596,962.5481,546.3369,1045.5902,504.33383,1048.5496,544.06165,1139.9752,504.4341,1126.4403
2052.0499999999997,531.54144,791.3729,538.25745,783.8656,522.92267,784.3655,550.043,788.26074,509.5199,790.8397,569.92426,843.2468,493.14203,843.3922,582.74646,905.682,472.8365,902.3085,583.54596,965.8629,465.19446,954.9679,551.3183,961.76086,502.5959,962.5614,545.2422,1046.9465,504.4218,1050.0914,543.0231,1139.3925,504.5667,1124.5917
2068.733333333333,533.56836,790.80884,539.9606,783.15674,524.63196,783.54834,551.0088,787.2965,510.92923,789.755,570.9951,842.56287,494.5615,842.3508,583.4092,905.4734,473.29843,901.6699,584.7683,965.4359,465.7067,955.44275,552.24805,960.9861,503.24173,961.64624,546.1222,1047.4274,503.99936,1051.5494,542.7328,1138.7375,504.08902,1123.9521
2085.4166666666665,535.08887,790.1992,541.6251,782.5209,526.08826,782.6686,552.92053,786.6642,512.2157,788.8779,572.5719,842.3822,495.3962,841.26514,585.29565,905.58203,474.1558,900.81165,585.39526,965.9453,466.23123,955.6621,552.9867,960.9741,503.46915,961.1306,547.7711,1048.4225,503.87137,1052.3673,543.31726,1138.8279,503.8088,1124.752
2102.1,535.88947,790.4081,542.47876,782.1798,527.0274,782.65845,554.7472,786.58154,513.6157,789.1599,573.4007,841.8557,495.38165,840.76355,585.9906,905.0846,475.34894,900.2816,586.23895,967.2562,466.80573,956.2252,554.2306,961.2173,504.17767,961.5513,548.9261,1050.8407,502.89655,1053.7896,542.31146,1136.96,503.27832,1123.0198
2118.7833333333333,536.53485,789.542,543.4355,781.2372,527.94366,781.6615,556.2411,785.2251,515.0522,787.3236,574.566,841.4751,496.4173,839.6887,587.3928,904.70044,476.3847,900.0431,586.8715,967.0603,467.5984,957.05786,555.117,961.0729,504.75513,961.42114,550.3428,1052.6824,503.167,1052.0745,542.1592,1139.1063,503.81494,1116.9973
2135.4666666666667,537.7278,789.15466,544.67816,780.8363,529.0154,780.96045,557.11786,784.51575,516.11224,786.245,575.01483,840.2229,497.30017,837.9756,587.903,903.9127,476.7063,899.50305,588.0803,966.01685,468.18024,958.1173,556.0444,960.0387,505.78333,960.72644,551.4975,1051.0334,502.21313,1050.5562,542.6409,1136.1826,504.0639,1115.1118
2152.15,538.58093,787.82025,545.459,779.54034,529.6432,779.75385,558.2153,783.7221,516.5518,785.1335,576.2395,840.0474,497.71533,837.7358,588.43243,903.9328,477.5686,899.59247,588.7623,965.767,469.14056,958.7669,556.9028,960.0722,506.32776,960.67084,551.8418,1049.146,502.03015,1050.2554,541.93616,1139.5151,503.89685,1115.7917
2168.8333333333335,540.2451,787.3275,547.0443,779.0206,531.1489,778.8131,558.9354,782.6117,517.6008,783.6919,576.36707,838.43506,498.6461,836.0382,589.4584,902.90735,478.12637,899.25525,590.06934,965.3602,470.2048,958.33264,558.1262,961.1323,507.8101,961.4347,551.2905,1051.2235,502.45566,1050.8372,542.1105,1139.7942,505.22995,1112.2638
2185.5166666666664,541.7886,786.725,548.43286,778.4103,532.54297,778.3081,560.05634,781.5282,518.395,782.72046,577.641,838.2012,498.46008,835.7921,590.5596,903.1433,479.122,898.7324,590.2171,965.38,471.40735,957.17114,558.45496,961.0602,508.45447,960.83496,551.7753,1051.1019,503.1789,1049.3899,542.33594,1140.5682,506.24683,1110.9955
2202.2,542.44305,785.8006,549.0886,777.39777,533.0777,777.27924,560.83844,780.1174,518.89966,780.82367,578.2548,836.6962,498.97467,833.9816,591.7077,902.39716,479.41815,897.68085,591.1583,964.3747,471.9699,958.00555,558.9679,960.1091,508.85004,959.99835,552.28375,1051.583,503.23804,1049.178,542.6949,1139.939,507.40393,1110.3289
2218.883333333333,542.05664,783.3393,549.04785,774.97064,532.99414,774.961,560.9946,778.54584,519.2377,779.6579,578.6167,834.87714,499.5264,832.7476,592.54333,901.0275,479.9365,897.1856,592.5574,962.9804,473.1639,958.34357,559.90625,960.6684,509.2711,960.1768,552.4785,1054.4211,504.2778,1050.3762,543.09644,1142.6685,507.1744,1112.1233
2235.5666666666666,542.38696,782.019,549.75684,773.63226,533.206,773.33734,562.0322,777.62274,519.8765,778.4526,579.6294,834.6652,500.2868,832.11346,593.275,900.6341,480.63843,896.0584,593.72266,962.08356,474.9134,958.4432,560.84607,960.82623,509.72528,960.2338,552.4037,1053.9194,505.2027,1049.102,543.56116,1141.3945,508.31622,1113.4214
2252.25,544.60596,780.5415,551.4973,772.31885,535.21545,772.12976,562.5437,776.13586,520.76794,777.2163,581.0111,833.8605,500.65976,831.1797,593.8568,901.2118,481.37436,895.57324,594.5714,961.82947,475.59433,958.38904,561.84827,961.0602,510.25192,960.2726,552.89136,1055.2698,506.93265,1047.4927,543.88257,1143.047,507.79037,1114.6805
2268.9333333333334,545.13635,780.24194,552.1447,771.8037,535.6376,771.74304,563.76526,775.25525,521.3685,775.81006,581.987,833.6831,500.46753,831.3137,594.1472,901.42236,482.25555,896.1787,594.9673,961.5499,476.5208,957.844,562.1558,960.0021,511.0307,958.59753,552.94885,1054.3771,506.52783,1047.3246,544.6422,1140.4662,508.93774,1116.948
2285.616666666667,544.3241,779.609,551.7079,771.28,535.1881,770.9016,564.0569,774.89185,521.26135,774.5381,582.81396,832.47925,501.98184,829.4032,595.3417,901.0973,482.9954,894.80054,595.9625,959.72974,477.29892,957.5145,563.3595,959.50415,511.78024,957.7516,552.8357,1053.8597,507.19388,1047.9739,544.66125,1142.058,509.9244,1122.7971
2302.3,544.2062,777.7394,551.9321,769.7368,535.2196,769.5564,564.80676,773.6478,521.5355,773.80566,583.5542,832.7173,501.81613,829.827,595.85547,902.4154,483.43863,896.1398,596.0325,960.6754,478.47153,958.848,563.5139,960.49744,512.1472,958.1377,551.8535,1054.5231,508.33316,1046.1447,544.73193,1142.3258,510.66415,1124.1031
2318.9833333333336,545.1181,777.25616,552.56476,769.1795,536.01587,769.19257,564.85504,772.54144,521.76074,773.0678,583.98627,831.88885,501.91937,829.3389,596.99493,901.2603,483.75006,895.37555,596.8682,960.59076,479.2202,958.74225,564.1893,962.04034,512.3944,959.3387,552.9036,1056.6917,510.84235,1047.0444,544.5174,1141.083,510.40826,1128.4685
2335.6666666666665,546.3605,776.7394,553.7711,768.4562,537.33167,768.7241,565.30334,772.4595,521.9331,773.2698,584.194,831.57776,502.11142,829.45935,597.44946,900.75305,483.72684,895.81946,597.28467,959.63074,479.43045,959.0165,564.7799,962.6998,512.6897,960.06824,552.68506,1056.3575,510.79282,1047.2983,543.94446,1142.3619,511.13168,1132.569
2352.35,543.6868,777.6467,552.1764,769.0432,535.1685,769.2423,565.2227,773.00745,521.6535,772.9581,584.7275,831.7954,502.96344,829.38367,598.1692,900.46313,484.1449,896.0342,597.835,959.3661,480.38824,959.35706,565.8439,963.6599,513.25195,961.16736,551.38104,1057.2709,514.4788,1046.4832,544.0741,1143.3568,512.2793,1135.9102
2369.0333333333333,543.5028,777.8644,552.1802,769.0641,535.021,769.0985,565.78735,773.0359,522.0082,773.202,585.4508,832.08264,503.62228,829.06824,598.8502,900.5946,484.92856,895.40784,597.9966,959.77954,481.022,959.527,565.9082,963.9746,513.6659,961.31775,552.3501,1058.1766,514.7931,1046.399,543.7333,1144.5399,512.66736,1138.2783
2385.7166666666667,544.371,777.45996,553.0139,768.75635,535.70496,768.99634,566.12146,773.2814,522.2551,773.46594,585.6969,832.1538,503.41263,829.6372,599.7241,900.91833,485.0211,895.984,598.678,959.94543,481.71994,959.4038,566.68176,965.3805,514.24646,962.44543,552.806,1059.9896,516.24084,1050.0269,543.9706,1144.2645,515.105,1141.8285
2402.4,545.51575,778.07635,553.89276,769.14716,537.0334,769.3996,566.1876,772.92303,522.5923,773.5085,585.65216,832.21234,502.9566,830.1329,600.00574,900.2757,486.1765,896.4101,598.9929,959.4239,482.39728,959.49677,567.38226,966.8736,514.9291,964.3245,552.79706,1060.853,517.43787,1051.8452,544.8298,1146.469,516.84094,1145.4438
2419.0833333333335,546.10126,778.8832,554.334,769.76,537.37854,770.31714,566.63794,774.23035,522.7196,774.22327,586.0499,832.58484,503.3545,830.463,600.18835,899.92773,485.86432,897.1874,599.7026,959.79675,482.6576,960.57935,568.06055,965.7936,515.2991,963.81995,553.2245,1060.6368,518.06824,1055.3406,545.1247,1146.3203,518.2011,1148.6293
2435.766666666667,544.64935,780.0,553.0131,770.80493,536.19385,771.40344,566.334,775.00024,522.0939,775.19824,586.33093,832.7549,503.27148,831.2117,600.7658,901.05225,486.5511,898.3047,599.3937,961.0073,483.2442,962.25684,568.277,966.3458,515.8489,964.56445,553.6343,1060.4341,518.83514,1055.9355,545.4233,1146.3364,519.7292,1150.126
2452.4500000000003,543.96356,780.7163,553.1079,771.7173,535.8357,771.66565,566.52484,775.6284,521.55115,775.0143,586.95715,833.68286,503.31995,832.18384,600.8715,900.88635,486.8894,898.9862,599.87476,961.7196,483.3415,962.2977,568.4417,966.57654,516.20703,964.3583,553.72107,1059.6852,520.2422,1054.6176,545.65,1145.0676,521.31537,1149.7767
2469.1333333333337,544.26355,779.9221,553.34827,770.95654,536.00903,771.26086,566.65796,775.09753,521.91614,775.5613,587.2888,833.8685,503.39212,832.82654,601.5051,900.49927,486.8116,900.32166,600.5016,961.46875,483.72757,964.7804,568.93274,967.22217,516.9254,965.35254,553.61304,1060.0485,521.8911,1054.8044,545.14526,1144.2765,522.1034,1149.3146
2485.816666666667,545.0301,778.86957,554.0698,770.1983,536.29553,770.51984,566.7214,774.4643,521.63794,775.3232,587.0137,833.2227,503.25537,832.8807,602.2335,900.4974,487.6015,900.3516,600.6189,962.09,484.70142,963.7701,569.4375,966.3774,517.09564,964.8162,554.65485,1058.8691,523.82623,1055.6306,543.7327,1145.7839,524.94147,1148.082
2502.5,545.0117,780.00775,554.1002,770.84515,536.68164,771.7752,566.92725,774.7951,521.9538,775.91034,586.9271,833.16486,502.93298,833.28143,602.39734,899.85846,487.57715,901.01556,601.46265,961.5351,484.8994,965.44867,570.4249,966.40106,517.58466,965.0723,556.0138,1058.4131,524.5967,1054.4553,545.02496,1144.9321,525.9817,1148.2114
2519.1833333333334,545.0942,781.17346,553.9263,771.85913,536.4108,772.61414,566.3974,775.52014,521.6214,776.08923,586.84296,832.7456,502.50958,833.46497,602.58167,899.84094,487.60394,902.2849,601.6599,961.91284,485.40253,967.11694,570.9112,966.78015,518.2419,966.2352,556.6746,1060.5288,526.11676,1056.3663,546.212,1143.4716,528.0386,1148.3014
2535.866666666667,543.0171,781.14954,552.1637,772.0388,534.24756,772.33984,565.8142,775.23157,520.8628,775.50024,586.8462,832.7473,502.08597,833.8992,602.9158,900.4491,487.1686,903.41736,601.8699,963.0243,485.52365,968.37695,571.1272,968.2993,518.1858,968.02625,557.3816,1062.1752,526.98816,1059.6646,547.3594,1139.1741,532.52,1151.6694
2552.55,543.74744,779.02637,553.13763,770.4486,535.14935,770.8396,566.2206,774.49414,520.29553,775.8992,586.84155,832.48816,502.05774,834.0708,602.917,901.26416,486.8822,903.708,602.01733,963.38184,485.021,968.4426,571.0287,969.0856,518.02545,968.1987,556.0227,1062.886,528.2267,1058.4578,547.71796,1136.4889,534.55164,1155.103
2569.2333333333336,543.6704,778.47,552.93713,769.761,535.2444,770.4137,565.9463,773.7645,520.2411,775.55566,587.01953,832.23706,501.82797,834.2655,603.2759,902.0565,486.6273,904.1721,602.5115,963.69727,484.99442,969.0853,571.02734,968.71643,518.4894,967.801,555.8696,1062.6952,530.67346,1058.523,548.5957,1137.946,533.96545,1156.7885
2585.916666666667,544.9392,777.4583,553.7916,768.4825,535.35596,769.45404,565.56555,772.69855,519.4297,774.918,586.9125,831.67816,501.3088,834.2004,603.0835,901.5214,486.34946,904.3525,603.2002,963.77277,484.93845,970.6003,571.73315,968.4401,518.88855,968.4931,556.5348,1064.8569,532.7516,1060.3743,548.574,1138.4814,534.0314,1159.0991
2602.6000000000004,542.179,777.0337,552.5088,768.26086,532.9318,768.52893,565.49994,772.062,518.387,773.56665,587.3847,831.13794,501.28674,833.83374,603.4802,901.7743,486.16974,903.677,603.4289,964.3771,484.1739,970.66455,571.93695,969.87646,518.6933,969.02844,558.6147,1067.073,532.70245,1061.4868,549.2479,1136.6257,534.22095,1158.9353
2619.2833333333338,540.06323,775.6476,550.1747,767.10474,530.8428,767.6776,563.8806,770.70654,518.2627,773.0808,587.68915,829.8683,502.04828,832.65857,603.8164,901.34094,485.7284,903.0906,604.11206,963.94556,483.9629,969.881,572.1092,969.5475,518.8479,968.17444,562.8885,1068.5808,532.50323,1063.4316,550.074,1141.8906,533.19543,1158.6289
2635.966666666667,540.0023,774.4606,549.8382,766.0409,530.6156,766.5211,563.1157,769.9155,518.0106,772.99475,587.8462,828.58167,502.3853,831.4823,604.0885,900.2732,485.51123,901.84204,604.84937,964.23315,483.5393,969.41016,572.13525,968.2992,518.55365,967.3258,565.7576,1066.9406,532.49854,1061.1141,551.06934,1139.2606,533.44214,1157.0507
2652.65,540.16187,773.6212,550.0614,765.0232,530.5967,765.37415,563.547,769.46484,517.3307,771.9081,588.0154,827.6731,502.05594,830.97815,603.90063,898.55554,485.1299,900.4385,605.96204,962.26074,483.0048,968.43054,571.81177,967.1968,517.9863,966.40454,568.8779,1065.7947,532.84534,1060.8657,551.69714,1137.4849,533.3661,1158.7015
2669.3333333333335,539.7296,772.1826,549.83057,763.73267,530.3479,763.932,563.59546,768.4302,517.4313,770.90784,588.5541,826.6974,502.54623,829.598,604.1747,898.1095,484.98672,900.34265,606.6024,961.1478,482.63754,968.99084,571.95044,967.51074,517.6576,966.61304,571.27515,1065.1763,533.73267,1061.6356,551.8408,1133.9576,533.0845,1160.0519
2686.016666666667,541.2841,770.7396,551.02563,762.0365,531.2371,762.6057,564.0194,766.7582,517.69434,769.5404,589.10657,825.6437,502.63373,828.8246,605.0235,898.21484,483.9865,900.36304,606.79956,961.21875,482.23834,969.5034,572.6485,966.9619,517.80756,966.0005,573.75385,1064.8707,533.58374,1061.6771,555.432,1132.3179,532.13403,1160.2164
2702.7000000000003,540.4265,769.1246,550.45276,760.2493,530.2085,761.03595,565.0137,764.56976,517.3091,767.7049,589.3513,824.2475,503.26242,827.3726,605.36414,897.02435,483.99832,899.6225,607.7252,960.9742,481.6948,969.7996,572.66394,966.69305,517.7339,966.46295,576.047,1064.219,532.4231,1064.5181,558.4595,1129.2175,532.3231,1159.6301
2719.3833333333337,540.699,767.4107,550.90533,758.24835,530.732,759.38556,565.13995,762.1718,517.3326,766.39435,589.94104,823.2509,502.74835,826.7078,605.65924,896.18195,483.71484,899.69745,608.70856,960.3127,481.29547,970.7635,573.50653,966.16705,517.5703,966.6951,577.08435,1063.9373,532.7531,1065.6792,559.7701,1128.8359,532.5643,1159.2766
2736.066666666667,541.8772,765.6951,551.66064,756.38446,531.34174,757.7746,566.1362,760.54767,517.8365,765.07196,590.4486,821.918,502.92987,825.1519,606.17645,894.7238,483.84735,898.14276,609.727,957.67145,481.00153,968.83673,574.0885,964.2989,517.8964,965.16364,578.8485,1062.1111,532.6846,1067.3523,563.0453,1127.3313,532.8481,1158.4077
2752.7500000000005,544.69617,762.48364,553.31726,753.47107,533.8701,754.6537,566.7444,758.03564,518.83923,761.94507,590.6155,819.76404,503.01328,823.1549,606.03235,892.2588,483.8942,895.4801,610.1987,957.89636,480.4893,965.6124,574.6394,961.67017,517.822,963.1067,579.24097,1061.1548,532.1052,1067.1864,565.609,1128.2217,533.8059,1156.7775
2769.433333333334,545.0773,759.42975,554.0278,751.10187,534.52094,751.6601,567.69226,756.7127,519.4646,759.44574,591.15814,818.3398,503.19562,821.14667,607.32025,891.7778,484.01306,894.05634,611.77435,956.21,480.50714,963.6893,575.27155,960.08124,518.1972,961.4744,581.4208,1060.0859,531.3347,1068.3618,567.1218,1129.9985,533.83563,1157.3323
2786.1166666666672,543.71313,758.5378,553.33984,749.85223,534.47296,750.44073,567.7792,754.96405,519.4094,757.7436,591.2391,816.123,502.64648,819.52936,607.6239,889.73846,484.23132,891.3754,613.0864,954.39996,480.4944,961.4743,575.88257,958.55963,518.24506,960.4213,581.5767,1058.0891,530.79315,1066.6609,568.6771,1130.0366,533.9045,1156.2883
2802.8,543.59094,757.0179,552.9247,748.1313,534.386,749.0026,568.155,753.83685,519.9905,756.20135,591.9385,815.0257,501.83716,819.0599,608.1133,888.45123,484.01318,890.61835,614.1848,953.633,480.1214,959.98566,576.44385,958.6119,518.22974,960.8326,582.67554,1057.2283,530.4061,1066.1426,570.4563,1136.2476,533.8145,1157.2529
2819.483333333333,545.08185,756.7822,554.10956,747.1924,535.36365,748.24084,569.5344,752.05994,520.63763,755.32983,592.20764,814.0504,502.96387,817.2738,608.8247,887.44763,484.3122,888.72754,615.0871,952.3906,480.00946,957.58496,576.6493,957.629,518.84064,960.0134,582.73975,1056.9329,530.94714,1066.6797,572.71155,1144.9882,533.7219,1156.5571
2836.1666666666665,545.6621,754.9895,554.80237,745.6655,535.3993,746.4636,569.7677,750.59924,521.1914,753.78357,592.5205,813.2136,503.13925,816.7738,610.025,886.9321,483.9514,887.6074,615.6035,951.99365,480.25192,956.234,576.9564,956.7429,518.96643,959.54553,583.1135,1055.3812,530.8972,1067.0499,574.3955,1150.4724,533.57764,1158.7639
2852.85,545.17163,753.7539,554.74457,744.5851,535.0867,745.23804,569.88916,749.8994,521.1273,752.6372,592.922,812.8589,502.898,816.5043,610.9324,887.1566,483.2312,886.71643,616.4214,952.395,479.7168,953.65845,577.4772,956.9844,518.8523,960.1676,582.8135,1055.5146,531.9327,1067.6597,575.3605,1154.3083,533.5646,1160.2954
2869.5333333333333,545.99756,752.88354,554.91724,743.78284,535.74854,744.3657,570.51843,749.52515,521.66736,752.4171,593.60986,812.55286,503.62735,815.37805,611.80286,886.34485,483.56747,886.1293,617.3342,952.99023,480.57565,953.42554,578.1189,957.129,519.5448,960.1553,581.562,1054.4115,532.615,1067.6846,576.78,1159.5068,533.9431,1160.3947
2886.2166666666667,547.29675,753.1168,556.3417,743.8154,536.92804,744.3253,571.13025,749.3369,521.9558,752.20105,593.90796,812.2683,503.70923,815.4679,612.91516,886.13574,483.09015,885.4175,618.0332,953.51514,480.2699,951.1704,578.68384,957.66675,519.53156,960.9264,581.0104,1054.2217,533.0256,1067.338,578.56134,1158.8607,534.8037,1158.8972
2902.9,547.58795,753.35187,556.96643,743.97723,537.52655,744.62665,572.1102,749.55194,523.0786,752.2564,594.78656,812.6281,504.44568,815.47076,614.2183,886.4338,483.06744,884.9699,619.25806,954.4034,480.08997,949.018,579.1448,959.0522,519.85474,962.00287,579.922,1055.8977,532.7991,1069.261,580.2091,1162.3928,534.4919,1160.4648
2919.5833333333335,548.3905,753.157,557.47375,743.9193,537.9937,744.10925,572.58057,749.4446,523.39545,752.02185,594.95337,811.8208,504.94818,814.97876,615.2501,885.1821,482.8139,884.2427,619.838,953.71606,479.97852,948.0906,579.4765,958.3197,520.1277,961.74023,581.3593,1059.2366,533.084,1068.4928,580.6815,1162.0762,534.157,1159.5198
2936.266666666667,548.8436,752.12274,558.128,742.96686,538.67053,743.4338,573.234,748.7973,524.0448,751.783,595.9025,811.9134,505.25403,815.2524,615.945,885.68243,481.726,884.44867,620.55524,954.4677,479.93512,947.1818,580.0036,958.7872,520.7651,962.17694,580.6938,1060.1042,532.2635,1069.8552,581.7459,1166.0508,534.1098,1162.9009
2952.95,551.3606,752.39813,560.2085,742.8355,540.4103,743.9279,574.68524,748.3824,525.3356,751.509,598.01196,812.74066,506.015,815.6807,616.8157,888.9217,482.08002,885.1585,621.74023,956.51605,479.7019,946.507,581.35516,958.8975,521.59753,961.1043,580.06854,1059.6089,532.64575,1069.154,583.55853,1166.4778,533.8089,1159.3625
2969.633333333333,552.8563,752.40173,561.57715,742.61316,541.4574,743.6792,576.07324,748.53394,526.4159,751.18604,598.5405,812.8496,506.5498,815.9784,618.01086,889.57947,483.0592,885.9597,622.21765,958.2317,480.06384,946.8218,581.4092,959.5094,521.7706,961.52625,581.5597,1063.5765,532.0686,1069.731,585.4764,1165.7559,534.41,1160.9803
2986.3166666666666,554.408,752.7809,562.5671,743.17896,542.935,744.34314,576.9189,749.57336,527.60626,752.3717,599.2031,813.0692,506.94427,816.3253,618.7868,889.719,482.12122,886.15393,623.286,958.92896,479.53864,946.15784,582.1106,960.63525,522.42053,961.90784,581.65906,1063.6217,532.5569,1070.6891,586.7721,1164.8759,534.4129,1160.0575
3003.0,556.46936,752.715,564.3145,742.98883,544.61884,744.29047,578.8936,749.0441,528.9877,752.50433,600.4821,813.79425,507.79108,816.64667,620.11786,890.3443,482.1505,886.4942,623.6021,960.57635,480.08356,945.7182,582.91656,960.54095,523.02155,961.3941,582.76324,1064.2366,532.1213,1069.1516,586.8831,1164.6394,534.67645,1159.5498
3019.6833333333334,556.4875,751.9499,564.948,742.3144,545.55023,743.89044,580.1852,747.5639,530.6375,751.659,602.06323,814.2308,509.1966,816.3034,621.2617,890.9283,482.82605,886.66473,624.3528,961.67523,480.94275,946.17694,583.4998,961.2475,523.72003,962.1994,583.9983,1065.6975,530.3743,1067.6499,586.7084,1166.0747,533.96423,1158.2068
3036.366666666667,558.00366,751.7866,566.2137,742.1411,547.1446,743.7091,581.58356,747.7488,532.3378,751.823,604.0264,815.46594,510.4604,815.9625,622.7493,892.12573,483.19244,886.10486,625.1678,962.8728,481.22333,946.28186,584.4574,962.3948,524.33673,962.2604,583.6215,1065.7867,530.60376,1067.6499,586.6203,1169.2378,534.3349,1154.8397
3053.05,562.6532,751.56116,570.2025,741.9126,550.6814,743.11536,583.79034,747.5642,534.6691,751.5504,606.1487,815.5802,511.32245,815.7468,623.42773,892.44275,484.79242,886.183,626.2654,963.76245,481.92163,946.8065,585.28284,962.2842,524.6757,962.0713,583.9489,1066.3365,531.2346,1068.2595,585.84094,1171.818,533.93317,1154.2555
3069.7333333333336,563.0803,749.966,571.167,740.5894,552.2217,741.68536,585.7035,746.21576,536.5665,750.02814,608.22986,815.6977,513.8115,814.8621,624.98035,892.56903,485.49228,886.4167,627.4613,965.48285,482.3696,947.279,586.3196,962.93304,525.4165,962.96405,583.6848,1065.5886,531.2871,1069.9587,585.0198,1177.3398,533.4297,1156.6023
3086.416666666667,565.16925,750.05457,573.4912,740.25745,553.9562,740.9519,587.97626,746.19324,538.34344,749.8093,610.44684,815.6367,515.28705,814.20874,627.16205,893.32275,486.8772,886.5797,628.68427,966.9551,482.06464,948.0471,587.38715,962.17053,526.1341,962.33374,584.2879,1068.1869,530.6707,1070.4825,582.31067,1179.2212,533.8027,1155.3538
3103.1,568.00653,748.0993,575.91925,738.56476,556.5976,739.11786,589.8703,744.58185,540.19086,747.51044,612.268,815.16766,516.0572,813.85065,628.475,893.418,488.22174,886.5942,629.9758,966.84454,482.62665,948.7769,588.5799,962.86395,527.19604,962.59686,583.66864,1068.697,530.3058,1072.1497,581.34814,1185.041,534.1641,1156.1387
3119.7833333333333,569.7298,749.292,578.237,738.9824,557.8999,739.64294,591.892,745.0017,541.5987,748.0923,613.67194,814.3727,517.5435,812.3611,629.7696,892.0066,489.80408,886.1344,631.5175,965.5962,482.98627,949.7053,589.84406,962.42896,528.36664,963.4487,582.17413,1070.1122,530.6126,1074.3102,580.731,1184.1758,532.9633,1158.8081
3136.4666666666667,570.5827,748.09033,579.6922,737.7427,559.1401,738.50244,594.2464,743.9093,542.9981,746.51074,614.9912,813.85583,518.8531,811.11597,631.2789,892.02563,491.49768,885.209,632.8314,965.7742,483.80884,949.8141,590.54535,962.35596,529.0495,962.63806,583.75104,1072.5054,530.70917,1074.656,581.67444,1186.6165,533.51434,1158.6938
3153.15,572.6475,746.6173,581.8117,736.55725,561.26904,736.96643,596.0951,743.35144,544.6576,745.2322,617.0464,813.3755,519.55383,810.87683,633.0365,890.5491,492.911,885.09204,634.4605,964.5542,485.14117,950.27576,592.9049,962.0934,530.5073,962.4835,586.95917,1074.436,532.3637,1076.34,582.0443,1185.5973,534.7981,1152.2765
3169.8333333333335,574.6924,745.7245,583.51514,735.47473,562.7751,735.79297,597.7323,742.71216,546.3281,744.4142,618.4403,812.744,520.9613,809.6548,633.88336,889.91296,494.4804,886.15186,635.8068,964.5897,485.59113,951.0907,594.2831,962.7777,531.96735,963.9219,590.2629,1077.5913,531.8332,1077.3928,582.4657,1185.9841,535.26886,1149.1696
3186.516666666667,576.584,744.2038,585.57166,734.1197,564.70215,733.9838,599.2638,741.78156,547.7295,742.28107,620.01,811.7597,522.1184,808.29047,635.5918,889.24603,495.68994,885.5328,637.3163,964.5861,487.05823,952.5444,596.0628,962.5213,533.5325,963.715,591.54987,1075.0735,531.5285,1074.1011,581.89954,1185.3384,535.0371,1144.0537
3203.2000000000003,577.3103,742.678,586.8523,732.7186,566.23145,732.7256,600.7008,740.694,549.1206,740.1382,621.41797,811.11865,523.4126,807.18054,637.5552,890.0237,496.62772,885.1782,638.6349,964.3806,487.7026,953.28577,597.35583,961.87646,534.75574,962.4459,592.276,1077.1691,530.7472,1075.1725,580.81714,1184.3835,534.82556,1143.4242
3219.8833333333337,578.9733,740.95654,588.0918,731.1361,567.5148,731.13196,601.7787,739.0176,549.8608,738.9689,622.1304,809.73425,524.0103,806.41943,638.4839,889.7235,497.7752,885.1273,640.0337,963.7927,488.7104,954.3967,598.9871,962.1842,535.70264,963.5093,593.37476,1080.1511,530.1852,1075.5234,581.8439,1186.6372,535.62964,1138.5671
3236.566666666667,579.7655,739.04974,588.5176,729.4781,568.36926,729.29767,602.5176,737.0817,550.76807,737.65936,623.50476,808.22736,524.4087,804.8874,639.2761,888.6956,498.25656,883.9671,641.4175,963.1794,489.9207,954.1672,599.88745,961.0881,536.40674,961.7889,593.7234,1079.7026,530.30176,1074.2007,582.26,1185.8921,536.9166,1137.3896
3253.25,579.9556,736.13025,588.7196,726.7744,568.61816,726.63025,603.6172,734.2676,551.40125,735.00696,624.3054,806.48254,525.0046,803.0056,639.7524,886.97034,498.89117,883.25415,642.8149,962.7201,491.32568,956.0558,600.75977,960.85474,536.70795,960.0095,594.16064,1078.3135,530.41626,1072.132,582.73315,1187.14,536.8371,1140.5912
3269.9333333333334,581.36,734.4418,590.06165,724.80444,569.87354,724.4691,604.17194,732.0222,552.6128,732.8218,624.8523,804.35034,525.2721,800.958,640.4684,885.5648,500.24518,882.6299,643.68005,962.6592,492.85907,956.3733,601.75366,960.1459,537.831,959.1676,593.782,1077.6217,530.5344,1070.3004,582.37146,1184.6146,537.18384,1142.5002
3286.616666666667,581.43726,732.95276,590.68335,723.3368,569.73254,723.0957,605.1909,730.9968,552.3247,731.59644,626.0995,802.9147,525.50867,799.6456,641.50354,885.938,501.4219,881.97705,645.006,962.0681,494.09952,956.4181,603.00867,959.75964,538.2163,958.022,595.5824,1077.2981,532.32214,1069.8168,582.8888,1183.0531,538.88477,1143.7025
3303.3,583.15076,731.38196,592.22253,722.027,571.14233,721.42346,605.29553,729.8314,553.01184,729.79895,626.8202,801.05835,526.47534,797.6277,642.7964,885.01135,503.06473,880.25793,646.1948,961.02185,495.7668,955.9962,603.8342,959.84326,538.7134,958.31384,594.71155,1078.8912,533.0458,1069.0105,582.9175,1184.2467,539.5299,1147.6234
3319.9833333333336,583.6218,730.4872,592.30237,720.79895,571.81775,720.1942,605.56165,727.5676,554.0719,727.3103,627.391,799.3048,527.1023,796.2876,644.0653,884.21985,504.0378,880.3312,647.9426,959.2639,497.32693,956.355,605.103,958.9895,539.6428,957.4302,595.3396,1079.1028,534.67017,1067.0071,583.4022,1186.0122,539.9675,1154.4045
3336.666666666667,583.5742,729.12976,592.37585,719.3196,571.8616,719.2385,606.1553,726.266,554.2784,726.83716,628.4418,798.77856,527.33765,795.7897,644.91956,884.79236,504.7954,879.3174,648.82324,958.79126,498.16113,954.98047,606.2461,958.15173,540.56824,955.8678,595.268,1077.9003,537.17664,1067.1537,584.5043,1187.1553,541.2339,1161.6614
3353.3500000000004,584.14246,728.22314,593.00366,718.26807,572.3373,718.2842,607.27527,725.15063,554.8535,725.41235,629.8823,797.97046,528.55835,794.62854,646.2927,883.03284,506.1616,878.2864,648.6454,957.04065,498.63968,953.6035,606.8152,957.5714,541.61865,955.04504,594.7434,1076.5679,540.8539,1065.6967,584.6443,1186.701,542.13416,1165.8025
3370.0333333333338,583.9503,727.21045,592.8913,717.28894,572.2289,717.5122,607.5011,723.89526,554.38763,724.76624,630.41296,796.6753,528.4401,794.4968,647.4419,882.53296,506.62958,879.02075,648.9007,956.5763,499.62976,955.29675,607.5856,958.1134,541.8976,955.8544,594.8276,1075.5088,543.0955,1065.3011,585.5139,1185.6462,542.873,1170.1792
3386.716666666667,583.2561,726.81287,592.4105,716.44946,571.74536,716.7013,607.9868,722.59644,554.6958,723.5718,631.12195,795.72485,528.5928,794.2295,648.6736,881.8645,506.9755,879.7406,649.3253,955.82166,500.64468,955.8064,608.74316,958.46606,542.92004,955.30347,594.2202,1079.469,544.2252,1066.9602,584.9446,1187.2655,544.08215,1177.2617
3403.4,583.0491,726.3086,592.79297,715.95386,571.6941,716.1,608.2467,721.93494,555.2064,722.53125,631.8927,794.8804,529.44165,793.8385,649.71094,882.484,507.7878,879.8959,650.2777,955.8533,501.6232,955.88794,609.49194,958.4595,543.67285,954.42786,594.5847,1079.2499,546.5886,1066.5363,585.01184,1188.3644,545.4901,1180.9564
3420.0833333333335,582.8806,725.7258,592.8638,715.61145,571.85474,716.10583,608.4087,722.386,555.07764,723.1404,632.3213,795.0973,529.6311,794.18066,651.4822,882.38855,507.97537,879.7134,650.4109,957.43896,501.78293,956.57056,610.0653,960.6405,544.01245,956.5724,594.8893,1079.4426,547.5006,1069.4221,585.3557,1189.0518,546.0051,1185.876
3436.766666666667,583.9182,725.8513,593.9048,715.6571,572.7866,715.8904,608.9967,722.2899,554.9509,722.2593,633.1245,795.36707,530.2329,794.3198,652.5167,882.1531,508.45273,879.97107,650.93567,955.407,502.32126,957.4879,610.2731,961.2993,544.7645,956.6643,595.44116,1079.719,550.35315,1071.3085,584.60706,1191.2484,546.23645,1191.9012
3453.4500000000003,583.058,726.54236,593.4901,716.10913,572.23706,716.41064,609.1941,722.0437,555.0613,722.5548,633.39136,795.056,530.29846,795.38293,653.22925,881.07043,508.57382,881.5735,652.7036,954.1211,503.1373,958.6765,611.72156,962.4973,546.10706,959.4303,596.01917,1080.1018,550.9044,1072.7075,585.52893,1192.6475,548.8728,1195.2544
3470.1333333333337,584.2312,726.1186,594.3774,715.882,572.9049,716.06805,609.9781,722.46954,555.16644,723.03204,633.91327,795.5986,530.5162,796.0068,654.54816,881.81976,508.59076,883.0794,653.1239,955.20074,503.4843,960.8754,612.1459,964.08246,546.5922,961.3724,596.44293,1081.8337,551.408,1079.5806,586.0225,1192.5037,549.1043,1198.8579
3486.816666666667,583.91956,726.73224,594.2239,716.57526,572.7905,716.7066,609.53894,723.3,554.7118,724.00336,634.12866,796.57733,529.9508,797.15936,654.9177,882.7244,509.26578,884.9627,653.0742,957.1241,504.50296,963.61237,612.93677,965.4626,546.90784,963.5728,598.06213,1082.0515,553.24207,1080.6758,585.8031,1191.2166,549.16675,1201.9512
3503.5000000000005,584.2916,726.593,594.30884,716.6051,573.1741,716.98425,609.9651,722.968,554.7167,723.45276,634.8624,797.1367,530.359,797.55505,655.4144,883.1643,509.69345,885.41516,655.39575,956.6659,505.31363,965.4684,614.2081,967.64124,547.5808,966.3451,597.80176,1085.3022,553.71484,1084.4568,586.7435,1194.1982,549.7151,1205.3125
3520.183333333334,583.26746,727.4136,593.88477,717.3329,571.9984,717.1102,609.77954,723.76807,554.1356,723.4487,635.3225,797.0277,529.78186,798.2826,655.6118,883.14246,509.89047,886.7362,656.2035,956.59814,505.45413,966.86475,614.8154,967.44116,547.65234,965.6848,597.86914,1084.0729,555.1022,1083.3547,588.27783,1191.0273,550.84924,1204.789
3536.8666666666672,582.1225,727.3506,592.7424,716.7726,570.8113,717.04834,609.1157,722.8334,553.2773,724.43115,635.4535,796.9935,529.16833,798.7998,656.06396,882.979,509.92834,887.62463,656.80884,956.7119,505.6905,967.30225,615.5267,967.59607,548.4656,966.1671,598.69037,1083.593,556.2511,1084.1622,588.0817,1188.6279,552.74084,1202.2346
3553.55,580.9619,727.24316,592.0564,716.50757,570.60126,717.2816,608.18256,722.1344,552.72266,724.099,635.5829,796.9564,529.3099,799.073,656.685,883.5917,510.07086,888.0409,657.0679,958.6492,505.6457,968.9114,615.87,970.5587,548.63403,969.46814,599.0436,1086.553,557.45703,1085.7744,588.4139,1188.9507,556.64966,1202.796
3570.2333333333336,578.4932,728.24585,590.4997,717.18726,568.4539,717.99976,608.0999,723.0283,551.69135,725.50305,636.23114,797.45215,528.9793,799.61584,657.0621,884.9612,509.77087,889.1145,657.5341,959.2623,505.41638,970.7013,616.9572,971.07544,548.99457,970.2755,600.40155,1087.3336,557.30975,1087.3027,589.7226,1187.5027,559.3586,1204.6941
3586.916666666667,580.48804,726.5094,591.7555,715.64197,569.31323,716.0602,607.76184,721.3882,550.8667,724.8629,636.42413,796.51843,528.17633,800.11206,657.02625,884.9935,508.95,890.9326,657.74146,959.5432,505.8802,973.24976,617.0768,971.3644,549.29517,970.6836,601.4624,1087.3151,560.4624,1089.8567,590.25854,1185.1119,560.6644,1209.6997
3603.6000000000004,577.05383,723.7106,589.01636,712.813,565.44275,713.3701,606.7311,718.6637,550.27893,723.0553,636.599,796.37634,528.7412,799.5431,658.08276,884.72705,508.9708,888.85315,658.8866,959.6288,505.32028,971.09155,617.87854,970.5668,549.3108,969.3302,602.9822,1087.5822,562.2759,1090.4888,588.62805,1189.616,563.1035,1212.1759
3620.2833333333333,576.5868,724.04736,588.547,712.4481,565.19824,713.6426,605.8815,718.61804,549.47363,723.26013,635.952,795.0199,527.62537,799.1843,658.037,883.97327,508.30484,889.9004,659.96826,960.5292,504.98398,972.97205,618.7523,971.38745,549.52136,970.84875,605.7739,1088.0367,563.4015,1092.306,590.23535,1188.9828,563.2169,1215.314
3636.9666666666667,578.01276,721.8346,589.95056,710.67114,566.0575,711.56946,606.26965,717.0626,548.72076,721.48914,636.1468,793.50684,527.9089,797.9109,657.0335,882.1079,508.55286,887.6207,661.5496,958.12634,504.59326,970.1498,618.7169,968.5604,549.5124,968.22473,605.73663,1087.9431,565.5977,1089.8354,589.7897,1189.2009,562.66364,1214.756
3653.65,577.3229,721.7636,588.61426,710.36884,565.18054,711.632,604.7156,715.2861,548.1343,719.91876,636.3806,791.538,527.127,796.7093,657.41736,879.27106,508.16644,887.32074,662.80334,956.95465,504.70178,969.05646,619.121,968.0024,549.2961,967.1009,608.5525,1089.4644,566.0786,1091.5791,590.19653,1186.865,561.8871,1215.2969
3670.3333333333335,576.53735,720.75964,588.61084,709.3777,564.5718,710.45276,604.09143,714.4955,545.9335,718.33044,636.4263,789.5934,526.74207,795.4949,659.1708,880.0228,506.9202,888.67224,662.9175,957.88574,504.7994,972.42725,618.7584,967.2881,549.5033,966.98645,612.60583,1090.5719,567.14856,1092.2385,591.6614,1184.9498,562.124,1216.4893
3687.016666666667,576.344,720.07654,588.0043,708.2156,563.8208,709.47424,603.85645,713.0862,545.1039,717.62634,637.1725,788.91675,526.4491,794.83264,659.8954,880.9359,506.176,888.9601,663.83057,958.00183,504.4304,973.1112,618.9364,969.0719,548.77234,968.54065,616.46484,1091.8192,566.9227,1092.4542,592.3779,1179.9905,562.6542,1217.6669
3703.7,574.4288,715.6559,586.92816,703.74146,561.63873,705.2234,603.67694,709.63855,543.8409,715.37134,638.1478,787.37964,527.05865,792.605,659.4062,877.0084,507.0135,884.73315,664.99884,955.9758,503.27753,969.5244,618.5817,968.7539,548.4676,968.27954,618.899,1091.5803,567.37103,1094.5688,594.1491,1177.8579,563.5485,1219.7638
3720.383333333333,572.5633,714.2307,584.8232,702.11804,560.2481,703.75195,602.9197,708.09106,544.20575,713.86096,637.56067,784.99817,527.33234,790.67957,659.3639,875.0979,505.6375,886.3428,666.66205,955.4287,503.20062,972.5581,618.9026,966.0259,548.32654,965.91626,620.4184,1091.6025,565.8854,1093.6995,594.82587,1176.2957,564.18207,1216.8625
3737.0666666666666,573.33997,713.45825,584.7208,700.7456,560.4745,702.7124,603.3716,704.19434,544.4027,711.21216,637.8838,783.3845,526.94666,789.19116,661.51636,875.3552,505.73068,886.46875,667.4215,955.69617,503.5076,974.5029,619.754,967.83777,548.2019,968.83154,622.94543,1091.6838,566.1859,1097.0999,597.68225,1173.2678,564.32385,1216.0767
3753.75,570.4192,709.9308,582.1771,698.0144,558.4762,699.09863,602.74414,701.75366,544.1283,707.5592,637.8706,781.30725,526.641,787.0497,661.87024,873.4519,505.65347,884.4929,668.40796,955.1929,503.16104,973.28125,620.1759,964.9928,548.29285,965.3779,625.0801,1090.113,564.7366,1097.362,598.76794,1168.5774,564.69556,1214.3749
3770.4333333333334,567.4666,706.48804,579.396,694.5287,555.4771,696.0963,602.6008,698.8883,543.6603,705.1708,638.5988,779.2634,527.40356,784.84033,661.69,871.21814,505.19037,881.3302,669.4102,953.21313,502.52722,971.30725,620.6445,963.94763,547.40125,965.2639,626.1662,1090.0565,563.7078,1096.4463,601.3158,1166.1058,564.7461,1214.9473
3787.116666666667,569.6919,704.77673,581.9828,692.6062,557.93286,694.29346,603.6671,696.8668,544.50415,702.73035,639.11755,776.7649,527.73254,782.8656,662.34814,869.68445,505.03122,878.9232,670.14624,952.94946,501.93985,969.5945,621.2926,962.0885,547.3241,964.02893,625.9823,1090.4313,562.0868,1096.7689,606.2118,1169.2614,564.6876,1216.6683
3803.8,570.5294,702.26953,582.3565,690.10205,558.7949,692.02185,604.08594,693.6398,545.3222,700.4077,639.42664,774.39856,527.77356,780.7024,663.13544,867.62354,504.65314,875.922,671.246,952.15857,501.98724,966.9032,621.9753,959.17236,547.7158,961.9603,628.05597,1087.9152,562.61285,1096.3322,609.2101,1171.7692,565.5897,1215.7294
3820.4833333333336,572.45337,699.6221,583.98254,687.49255,560.963,689.48267,604.5847,691.6969,546.14124,698.81885,640.2312,773.02563,527.5228,779.47595,664.1549,867.03235,504.46207,875.9332,672.8832,951.56836,502.17148,967.161,622.7438,959.254,547.45483,962.6389,628.7483,1087.2671,561.6565,1097.5927,612.0952,1180.0387,566.0471,1215.0114
3837.166666666667,576.5239,696.542,588.34705,684.7435,564.0499,686.8706,606.3845,690.46655,547.89844,697.17773,641.35095,771.6372,527.8053,777.5947,665.5259,865.4492,504.8422,873.3689,673.01196,951.448,501.275,964.9343,624.1433,958.05505,548.3091,961.9092,629.8003,1086.5514,560.7351,1096.9644,614.11816,1184.9974,566.4385,1214.8435
3853.85,577.35767,696.7888,589.24646,684.41614,564.73376,686.0669,608.59375,689.34216,548.22253,695.85205,641.7377,770.0587,527.3756,775.6478,665.76843,864.1472,504.96445,870.06445,674.0243,950.1011,501.00284,961.3594,624.6134,956.6123,547.7565,960.81287,629.7588,1084.4204,559.8992,1095.4966,615.6786,1190.4391,566.4083,1215.1492
3870.5333333333333,578.37854,695.33545,591.1062,682.9105,565.65125,684.2687,609.9061,687.1056,547.51086,693.3213,641.6792,768.3894,526.9946,775.0182,666.4585,863.4579,504.50278,869.17224,674.9905,951.17395,501.20224,961.03125,625.0221,956.9236,548.28625,962.0907,630.2112,1084.2882,560.32214,1095.9445,618.13855,1199.4958,566.0404,1214.7981
3887.2166666666667,578.38135,694.38873,591.2383,682.2668,566.19824,683.49164,610.5231,686.75116,549.2732,692.7751,642.75635,767.58075,527.1295,773.2386,667.1926,862.34296,504.18185,866.1794,676.4707,949.601,500.74332,956.945,625.8308,954.8697,549.05554,960.01227,630.79456,1083.5999,560.7025,1096.4529,620.3407,1205.6599,565.96826,1215.1733
3903.9,581.50665,693.7041,593.9616,681.7881,568.7325,683.1439,612.6596,686.1527,550.40405,692.2612,643.684,767.3115,526.8808,773.536,668.3349,862.324,503.32538,865.5775,676.7562,948.65735,499.77032,954.1643,625.94666,954.00867,548.6971,959.3098,630.43195,1084.264,562.07227,1098.3535,621.7203,1210.4813,566.01276,1215.1998
3920.5833333333335,585.624,692.3375,597.3489,679.88696,572.11597,681.89343,614.7522,684.2306,551.3607,691.0519,645.4791,766.4441,527.3833,772.4868,669.3779,862.51013,502.70242,864.4957,677.60815,949.69495,500.08914,953.4584,626.4009,953.60266,549.2416,958.50964,630.29944,1083.8085,561.26355,1098.6412,624.2108,1216.3466,565.83325,1214.4662
3937.266666666667,583.51715,693.00745,595.7221,679.9697,570.64404,681.93933,615.0055,684.4303,551.61505,690.0033,646.6157,765.9286,528.25854,771.48987,671.00006,863.1992,502.3142,864.5713,678.5697,950.5265,498.695,951.15784,627.161,954.95386,550.362,958.8097,630.2923,1085.0748,561.1055,1098.9135,625.7585,1218.8063,566.0019,1216.1312
3953.9500000000003,582.25037,693.8167,594.3368,680.64484,569.9872,682.5124,615.09265,684.72394,551.93884,689.80975,647.3644,765.92365,528.7554,771.05,671.1874,863.04266,501.81442,863.44037,678.6063,951.61896,499.39572,949.68365,627.5559,955.0822,550.6765,959.8182,630.7886,1088.6838,561.46326,1099.448,628.0177,1224.5825,566.19055,1215.3171
3970.6333333333337,584.3399,692.98816,596.5817,679.8262,571.4742,681.449,617.7925,684.1763,553.0563,690.14136,649.15515,766.1587,529.6375,770.73816,671.77936,862.9706,501.50848,862.8428,679.358,952.7317,498.91272,948.74316,628.46796,955.5593,550.54675,960.2544,630.08374,1089.2915,560.8225,1097.9523,629.48285,1224.1697,565.9286,1212.3867
3987.316666666667,586.62854,691.0896,598.44324,678.21924,573.60187,680.0078,619.3983,682.9651,554.62256,688.9304,649.9167,765.98376,530.6029,770.5654,673.2582,863.9867,501.4013,862.5493,680.4988,953.79675,498.96436,946.9512,629.24036,957.50195,551.47614,961.9192,630.05347,1090.8851,560.8579,1099.0536,631.45325,1229.8666,566.78235,1213.0044
4004.0000000000005,587.6991,690.0574,599.3805,677.35583,574.07385,678.7997,620.1367,682.9562,556.22595,688.90967,651.1221,766.72485,531.14465,771.0697,674.51843,865.8988,502.42734,864.5231,682.84985,954.8214,498.01962,945.95386,629.94434,957.99194,551.59045,960.99536,629.09033,1092.5087,559.7656,1100.0101,634.792,1230.4441,567.5646,1207.6691
4020.6833333333334,588.5614,691.7318,600.43195,678.6373,575.70337,680.5012,622.0096,683.49316,557.47424,689.7317,652.449,767.16235,531.55035,771.05066,675.7024,866.57556,502.7558,864.7052,683.7001,957.02734,497.36298,946.2124,630.69305,958.0093,551.91,962.2162,630.5423,1099.0657,560.58936,1103.4226,636.9346,1232.3655,567.5964,1207.5981
4037.3666666666672,591.17645,687.64215,603.24384,675.5693,576.97375,676.60077,624.2013,681.97284,558.5208,686.64264,653.6671,766.9338,532.91174,770.6005,677.4388,867.58734,502.73297,864.60516,684.2439,957.9156,497.9696,945.0562,631.6557,959.7829,552.29266,963.2861,631.9157,1098.4595,560.56366,1101.7595,637.29926,1232.4009,566.6432,1213.4417
4054.05,591.4678,687.449,603.3541,675.3495,578.0399,676.7595,625.4971,681.5029,560.7977,685.63086,654.9459,766.26526,534.96814,768.8585,678.7361,867.8334,502.70505,863.1759,684.80237,959.35645,498.7158,943.83044,632.38684,960.0116,553.2567,963.35974,632.6315,1102.7966,560.7357,1105.1709,637.6311,1233.8401,565.9863,1213.14
4070.733333333333,599.1815,685.6924,609.80457,673.1395,583.5896,674.6859,628.9652,678.4834,562.3479,683.4076,657.06287,766.2329,535.4662,769.6682,680.5255,869.1813,503.99277,864.3491,685.11646,962.10767,499.71274,944.5408,634.3009,962.6211,553.49,965.2411,634.08545,1105.8003,560.7821,1107.446,637.77405,1235.4596,565.49255,1213.6188
4087.416666666667,600.2417,687.0016,610.8563,673.6644,584.801,675.00415,630.8507,678.12805,564.71155,683.1072,659.4802,766.50354,536.7444,769.1123,682.3192,869.75854,505.08084,864.58435,685.8093,965.7478,500.59592,945.6987,634.52637,963.51294,553.6981,965.45715,634.88367,1106.1248,560.75696,1106.3586,637.31226,1241.183,566.1782,1209.9675
4104.099999999999,601.69934,686.33856,612.7345,673.0468,586.82947,674.25836,633.32715,678.1032,567.6189,683.722,662.5973,767.19025,539.2573,767.4417,683.38,869.4975,505.61215,863.3709,686.5886,967.0268,500.4589,946.2907,635.3788,963.6657,554.5857,965.3132,634.5453,1103.8137,559.71875,1105.2942,637.2451,1247.5881,565.52515,1212.2358
4120.783333333334,605.19385,683.91223,616.0718,671.1295,589.6565,672.5758,635.9292,676.8124,568.8325,683.3334,665.15894,767.1301,541.1524,766.48535,685.0022,868.60364,506.81238,861.59216,687.5466,966.25574,500.995,945.0602,637.5254,964.44763,556.109,965.9165,633.92834,1108.7175,559.3423,1106.7349,635.4748,1252.2358,565.61304,1210.7122
4137.466666666666,609.2044,684.0825,619.87823,670.9103,593.38043,672.0338,638.09485,675.9879,571.45557,681.786,667.5685,766.57385,542.73193,765.58875,686.7825,868.8932,507.77148,862.1478,688.5708,966.0812,501.75775,946.60266,638.4991,963.7163,557.193,964.3563,633.5813,1108.0624,559.25305,1106.7375,632.9939,1254.7614,565.8489,1210.3752
4154.150000000001,611.08563,681.5745,622.0781,668.5004,594.9996,670.13727,640.82526,674.88666,573.1973,681.1005,670.4025,766.8841,543.82324,765.6126,689.4214,870.1772,508.74127,865.5329,690.66693,966.10565,502.6861,949.612,640.00385,963.45746,558.87897,964.05,635.5407,1107.5979,560.3802,1106.5347,631.5223,1257.1951,565.24634,1213.7661
4170.833333333333,613.11914,678.2954,624.88306,665.67834,597.0431,667.39746,644.0625,673.94336,574.88525,680.56055,672.23535,766.2401,545.516,764.4734,691.0088,871.27,510.71835,865.4468,692.57715,969.40466,502.65897,951.73584,641.6908,963.69324,559.9967,964.56824,636.1708,1110.2188,560.963,1108.8417,631.88245,1259.381,565.26184,1215.6765
4187.516666666667,615.59265,678.2971,626.5695,665.5266,599.8839,665.76624,645.95,672.3784,577.46875,676.19495,674.084,764.9126,546.61597,762.3865,693.1913,871.8197,512.88275,864.7639,693.9557,971.19165,504.1574,952.8257,643.72644,966.2134,560.51355,967.1948,639.13025,1115.2764,559.7291,1110.2744,632.6151,1260.7407,566.25867,1207.2927
4204.2,616.5487,677.49207,628.43835,664.4689,601.4573,664.6655,648.1918,671.1875,579.08484,673.7936,675.7582,764.65405,547.1362,761.92773,696.5375,870.5947,514.34045,863.24146,696.12366,970.297,505.6204,953.2843,645.8053,964.96545,561.97217,966.8235,643.1378,1115.568,558.84375,1110.8292,633.13403,1257.4867,566.87024,1198.4901
4220.883333333333,618.8994,676.24963,630.7787,662.8508,603.50684,662.8861,650.5194,669.75415,580.92395,672.05176,677.05444,763.3412,548.0604,760.19714,698.7672,870.76746,514.73157,864.3312,698.4708,970.2009,506.98007,955.05896,647.55273,964.90125,563.7737,967.1366,646.4142,1119.7963,558.3882,1110.049,633.44324,1260.6854,567.7637,1190.7931
4237.566666666667,621.3732,673.1121,633.1039,659.8411,605.5741,659.90497,651.8513,666.68463,582.5355,669.7415,679.1949,762.38165,550.70764,757.7841,701.04126,869.9272,516.6017,863.17694,700.9917,970.54144,507.62628,954.72186,649.4203,964.8559,565.74023,966.15533,648.1271,1117.915,558.4546,1111.9192,633.23376,1258.8586,567.84406,1193.627
4254.25,622.99963,670.6332,634.58276,657.6311,607.1222,657.6156,653.621,664.23914,583.8463,667.1841,680.5641,760.3126,549.7483,756.79346,702.3833,869.0292,517.1273,862.69714,703.37256,970.5104,509.16232,958.505,651.6372,964.29285,566.8666,965.74,649.6345,1117.5575,556.89966,1113.6588,632.8611,1257.2885,568.94006,1191.6201
4270.933333333333,624.1448,669.69995,635.89923,656.3502,608.52606,656.05444,654.36835,662.7372,585.3975,665.3097,681.72723,757.3739,551.11725,754.1112,705.50385,866.12805,517.2198,861.7451,706.0622,967.93494,510.19257,957.9358,652.5621,961.6531,567.72186,962.683,650.8996,1119.5482,554.997,1109.5868,632.4078,1259.3448,569.7973,1192.193
4287.616666666667,626.7106,665.8716,637.9663,652.8019,610.6123,652.56335,656.1803,660.01733,587.21716,661.42944,684.77075,756.0808,552.5579,752.301,706.81323,865.9242,518.6666,858.8812,707.17773,969.13525,511.9273,958.4342,654.32214,961.4874,567.9459,962.7086,650.2701,1120.9663,557.3605,1110.6294,631.86145,1258.7493,568.6273,1197.6041
4304.3,627.05225,663.96606,638.2556,650.4872,610.9862,650.5005,657.72876,657.0172,587.12476,658.13684,685.8086,753.5072,553.8406,749.8507,708.52966,864.87366,519.76465,858.5265,709.7654,968.2478,512.9734,958.84644,655.67993,959.31213,568.90344,959.07227,650.73706,1120.2931,557.152,1108.243,633.11426,1257.5481,570.3899,1195.5062
4320.983333333334,630.2254,660.24524,641.3462,646.85596,613.3571,646.10583,658.3646,654.08215,588.46545,655.73486,687.6241,749.94824,555.4441,747.5869,710.8975,862.53394,521.1995,855.4695,711.7823,963.67114,513.5319,955.2422,657.8063,957.58606,571.75397,956.22925,649.2614,1117.0251,557.6701,1107.1934,633.1596,1257.8582,569.846,1207.3071
4337.666666666667,630.5665,656.50824,641.0376,643.695,614.0099,642.99457,659.45874,649.94464,589.28394,651.1713,688.36633,746.6445,555.2975,744.3803,710.88403,861.60394,523.4165,852.40656,713.77563,962.89276,513.95996,953.96625,659.3384,957.8975,572.52124,955.77057,650.4364,1119.2485,559.2815,1107.8408,633.8981,1258.1375,569.21655,1215.3545
4354.35,631.7838,655.3607,642.2532,641.87756,614.1239,642.43616,661.0419,647.59485,589.55597,650.75757,690.235,744.21484,555.37915,742.6979,712.629,859.5314,523.72754,851.7584,716.00586,961.30725,514.0261,956.61633,660.9087,957.2837,572.82495,955.8854,650.42975,1118.4281,559.995,1106.739,633.0631,1258.8898,571.7208,1219.0482
4371.033333333333,628.865,651.5699,640.49304,638.29205,612.61743,637.7032,661.49176,643.5817,589.92004,645.1341,692.8502,743.1679,556.49207,741.273,715.0499,859.8582,524.45404,853.0916,718.19446,960.9703,514.70325,959.42914,662.22253,957.39264,573.6476,955.6778,648.7328,1120.1157,561.38574,1106.7854,635.0356,1259.2649,572.1461,1228.0571
4387.716666666667,630.38275,649.548,642.52203,636.2772,614.27234,635.57117,662.19977,641.52075,589.49066,642.6848,694.06134,741.7516,556.55035,739.5332,717.476,858.9634,525.97577,852.28345,719.60944,958.47876,515.72424,958.1846,662.8024,957.9072,572.99713,955.89294,648.56573,1119.5459,564.01355,1105.8986,635.4869,1261.6958,571.7783,1235.0295
4404.4,627.42883,647.23303,640.3084,633.34973,612.41895,634.1605,661.9883,637.5126,589.7207,640.30444,694.70496,739.54895,556.703,737.3425,718.66956,857.39294,525.95483,852.56323,720.3882,954.38696,517.6,959.6,663.67505,957.3589,573.26746,955.9686,649.93896,1117.7668,566.324,1103.3468,636.0779,1260.0499,572.8977,1249.3556
4421.083333333334,627.7815,644.8013,641.57263,631.499,613.0206,631.2993,662.6742,638.2019,590.85266,639.0127,695.2577,737.45264,557.08545,736.3805,720.9553,855.4479,526.42224,850.64856,721.74426,954.79333,517.9823,958.7219,665.80066,959.7766,573.8801,958.8417,649.5653,1121.9398,567.6373,1105.4559,634.9053,1263.9738,574.474,1255.7501
4437.766666666666,627.70215,644.1761,641.8628,630.7098,613.655,630.913,663.77576,637.2209,590.8761,637.665,697.598,738.0761,557.0929,736.00836,722.72,854.29,526.4398,852.71173,723.2445,952.2277,517.7062,959.69684,666.65735,961.27496,572.9586,958.8586,647.9054,1122.0808,571.4746,1106.8433,635.41675,1263.7771,574.24023,1264.3655
4454.450000000001,629.0109,644.1352,643.04865,629.93414,614.6464,631.5695,663.86444,634.98663,590.52325,636.9604,698.8145,737.32574,557.4577,735.82135,723.4267,854.5235,526.914,853.1595,726.2244,953.9273,516.6928,960.4229,669.10236,961.69916,574.32446,958.0264,649.25995,1124.9653,577.20123,1108.9951,634.55927,1268.0132,573.1159,1269.7617
4471.133333333333,630.0123,641.2193,643.77563,627.83514,614.9949,628.4449,663.7355,634.4882,590.395,637.0854,699.72705,736.29474,557.3363,736.01154,724.4641,849.18146,528.0133,850.8333,728.3026,950.79156,516.25793,958.5429,669.5261,963.2309,575.8695,960.9028,649.0217,1124.3306,579.72925,1111.1414,636.4623,1272.0884,574.3263,1275.8977
4487.8166666666675,629.5851,642.27014,644.349,628.51917,614.7355,629.1465,664.5659,635.71106,591.4348,638.11145,700.4769,736.2451,557.1686,736.0779,726.7715,851.1594,528.1837,849.89246,730.9303,952.4946,516.3142,957.0979,670.32214,960.51807,575.7704,958.2622,650.6732,1121.0482,581.41003,1109.5957,636.46326,1262.544,577.27405,1278.6074
4504.5,627.57764,643.43066,643.4425,629.00305,613.5808,629.7561,664.8386,634.9579,590.5388,637.34436,700.60266,735.381,557.49976,735.881,728.7677,852.10754,529.1443,851.1997,730.35925,952.76685,516.2512,959.5205,669.9315,960.0311,576.0652,956.85803,650.45447,1120.2372,581.1333,1114.615,636.2356,1261.9805,577.44617,1283.7377
4521.183333333333,629.4577,641.2201,644.16644,626.7821,614.17035,627.99426,665.0583,632.4852,590.5957,636.9967,701.72516,735.37427,557.47235,736.09326,730.38275,851.39343,528.79865,854.68567,731.10736,952.07654,516.66644,963.5958,670.5645,962.16675,576.2085,959.5646,649.5246,1122.7738,584.23944,1118.5933,635.0727,1264.7301,575.3266,1288.8175
4537.866666666667,627.84894,640.20087,643.86066,626.3757,613.4143,627.0677,664.8932,631.08246,590.2648,635.5173,702.1909,734.0295,558.0697,735.00726,730.5066,851.4477,529.22546,854.32196,731.6842,950.3669,516.8321,963.68866,672.12036,963.6081,577.12274,960.6928,653.2258,1118.8367,586.2494,1118.4915,636.74866,1259.044,576.3653,1291.8379
4554.55,627.4148,640.3364,643.4116,626.0939,612.87427,626.74927,664.2185,631.119,588.25745,635.2064,702.5188,734.75183,556.8998,735.8601,731.9519,853.4912,528.9613,857.2085,733.4486,951.9293,516.69727,966.4734,672.39246,964.9719,577.74976,961.60815,652.20496,1121.1293,587.4839,1118.0261,637.1835,1256.991,575.1727,1291.0632
4571.233333333334,626.9901,639.55206,642.2167,625.13434,611.94336,626.2858,663.8015,630.5201,587.4895,635.9598,703.224,735.0256,556.6085,736.54376,733.16895,853.9047,529.03613,857.1447,735.0333,951.3378,517.8187,966.4194,673.78394,966.38434,580.11523,964.26056,652.37805,1125.3965,589.5558,1120.6941,637.2772,1261.9673,577.37976,1289.2595
4587.916666666667,623.7128,636.40094,638.9959,622.6163,609.68677,623.81024,662.89026,626.9395,587.03204,631.8603,702.6727,733.8327,555.9553,735.4013,733.10315,853.1795,529.0174,856.9732,735.3312,951.8493,516.6524,968.1767,673.49744,966.1589,580.0945,965.3497,653.4613,1123.8354,589.16296,1123.811,638.73083,1260.1233,581.71094,1291.5359
4604.6,622.8608,636.2785,638.88824,622.2474,609.1594,622.7397,663.30695,625.85504,586.32,629.8221,702.1921,732.69037,554.6064,735.237,732.5522,852.70844,528.1937,856.63776,735.6739,952.837,515.19745,967.71234,674.5843,966.15985,580.16974,965.03925,654.7862,1125.5442,591.3433,1123.7991,640.11456,1258.157,585.584,1295.1934
4621.283333333334,618.1691,634.0732,634.28107,619.97577,604.51685,620.5632,660.73737,624.74786,583.9655,628.0035,700.97174,730.4272,553.1363,734.9594,732.0721,851.7215,527.1055,857.24713,736.9965,952.24615,515.5972,970.201,674.3378,965.9344,579.4012,964.9433,655.32697,1124.3755,593.8067,1125.9651,641.1562,1258.4805,585.87897,1303.8027
4637.966666666667,619.7977,634.3384,634.9031,618.8157,604.6715,621.24646,659.3313,622.60095,582.1681,629.12354,701.55505,729.4823,551.55273,735.6266,732.5088,850.18567,525.6987,859.1621,737.3584,951.1127,514.9724,973.05164,675.35474,966.50464,579.3815,966.1251,657.4872,1127.1252,597.0216,1129.9751,640.04346,1262.8243,589.24194,1309.659
4654.650000000001,618.4695,632.2566,634.20435,617.032,602.83374,619.04736,659.1787,618.62524,580.20105,625.0845,701.5249,726.2903,552.343,732.7051,733.5178,848.1371,524.48303,858.60144,738.964,951.85754,515.1609,973.5642,675.8019,964.0353,580.8219,964.19946,661.11414,1128.3043,597.5326,1128.3906,639.77344,1263.048,591.734,1309.9655
4671.333333333333,617.19226,629.3798,631.9542,614.1473,600.9133,615.7857,656.8573,618.1545,577.58936,622.0656,702.07385,724.2658,551.74695,731.419,734.0438,846.3249,523.6428,858.4477,740.5569,950.93036,514.80896,972.4992,676.34375,965.3354,581.61096,966.78143,662.00146,1131.865,601.30286,1133.815,641.66345,1261.3052,590.83496,1314.1206
4688.016666666667,612.2302,624.60205,627.87305,609.69507,596.53296,611.3806,655.40125,615.8374,576.8667,620.9584,702.2904,720.70483,551.0408,729.6321,733.6278,844.6277,522.9498,859.66504,741.6078,951.4833,514.98865,974.6587,675.90576,965.1859,579.8872,966.88135,669.2245,1132.7852,605.15576,1135.7883,642.74744,1256.219,589.2362,1316.2604
4704.7,614.3497,622.9355,629.39935,607.5722,597.33417,609.55023,655.35565,611.32135,575.2874,618.017,702.5861,718.387,551.2651,727.22504,735.4787,843.5972,521.5561,857.40594,741.4726,951.3389,513.6607,975.8781,675.6751,965.33,579.4279,966.57526,672.2111,1135.6035,603.9217,1137.8967,644.53375,1255.7205,589.6723,1316.4878
4721.383333333334,608.95483,624.5073,624.7642,607.64465,591.37164,609.8922,654.7574,607.97205,572.75854,616.42725,702.9334,716.85876,549.2251,726.1437,735.7181,842.0697,520.3561,857.19666,740.79926,950.10974,512.70795,974.79895,677.11224,965.6919,577.88605,966.1002,675.654,1141.9274,602.7178,1142.3951,645.5605,1254.9438,590.30396,1321.1443
4738.066666666667,606.26825,622.994,622.742,606.30115,588.91425,608.4026,654.9515,606.45374,572.2629,614.697,703.0107,714.57544,549.2419,723.60693,736.94086,841.80005,519.78436,854.28723,741.7891,951.32446,512.29,975.33325,675.7491,963.5243,578.35754,963.46704,678.4876,1137.7207,601.64685,1142.873,648.9024,1252.072,591.31714,1322.3352
4754.750000000001,605.42566,619.05005,622.1411,602.0331,587.88184,604.62427,654.89343,602.1985,571.0045,610.85974,703.6052,712.2023,548.4828,721.00867,736.1459,841.1079,519.5261,853.6127,742.9945,950.21155,512.2881,974.96545,675.73035,963.3059,577.52966,963.2993,680.9547,1141.5967,601.10583,1145.2241,650.5425,1249.554,592.42883,1319.1508
4771.433333333333,605.19836,617.8781,621.82263,599.941,586.96216,602.4401,655.5277,599.02496,570.2444,607.51324,704.12305,709.19293,548.4596,718.0743,737.08655,839.91986,518.52405,851.74164,744.3728,949.2491,511.87582,974.4952,675.7081,962.3111,576.9142,962.94183,685.9192,1142.7849,601.8761,1148.1138,654.09924,1242.5146,592.8966,1320.1646
4788.116666666667,606.26135,613.18774,623.32166,595.1433,588.2333,598.2715,656.28845,593.63416,570.1138,603.79846,705.0458,706.1113,549.6096,714.4658,737.53015,837.4414,517.88525,847.81445,746.0375,948.3716,511.80905,971.80054,675.56226,961.3169,576.04346,962.44836,688.7953,1139.6354,600.14453,1148.4928,654.6499,1240.6084,593.6964,1321.748
4804.8,604.9658,608.31146,621.8252,590.3057,587.2566,593.727,654.64746,590.2238,569.7363,600.0628,706.38635,700.9764,549.6432,710.9528,737.7385,828.7286,517.0121,845.23676,746.1044,941.33563,511.43063,970.4261,675.99756,959.9157,575.6289,960.7957,690.0764,1142.0923,599.32947,1151.0271,658.5259,1238.095,594.3679,1318.6465
4821.483333333334,604.0816,605.5413,620.48126,587.6646,587.6163,590.3205,654.86786,585.51654,570.6506,595.95795,707.19574,697.7098,550.1347,707.01337,738.0505,826.13153,517.3007,841.6523,745.4805,940.5932,510.59113,969.40424,677.831,960.8024,576.87946,962.35785,693.139,1143.1494,598.6618,1156.3796,659.6303,1246.4031,594.46185,1319.6218
4838.166666666667,610.3534,601.7675,626.8981,583.8732,593.1793,586.1165,656.95105,583.6346,570.9835,592.60724,707.8274,694.5932,550.22534,703.6672,739.2838,823.493,517.8236,838.53143,749.5237,940.8488,510.5413,966.0738,679.8176,957.8222,576.83484,961.7476,694.54407,1138.4644,599.44495,1154.5144,664.42285,1249.47,594.76465,1317.8711
4854.849999999999,607.85834,595.68304,624.1435,578.35504,589.90985,580.13446,657.0036,577.2575,571.0263,585.6347,708.02045,691.08,547.0435,700.68536,739.98334,821.5424,517.4256,833.25555,749.5993,938.7342,510.23596,961.31647,681.0588,955.6337,577.0242,960.50507,697.5795,1141.405,598.086,1157.009,668.3193,1258.4241,595.6672,1318.3813
4871.533333333334,606.39526,593.3599,624.32947,576.4384,589.73737,577.7404,657.81055,576.9611,571.5578,582.87714,709.62366,687.9511,547.4503,699.30536,741.2013,819.66376,517.1575,832.7281,751.2455,938.88495,510.64062,960.9255,682.1194,952.8099,577.8907,957.9106,697.6294,1140.9324,597.63135,1153.3833,670.39075,1275.0806,596.8257,1315.8767
4888.216666666666,609.8464,591.71844,625.9572,572.96405,592.6181,575.733,658.6882,572.3947,573.29706,582.5953,712.44293,684.70624,549.0726,696.5351,743.5153,817.15875,515.1723,831.0302,754.86676,939.75385,510.6333,960.11884,684.24567,952.22394,578.17584,957.51227,697.56696,1141.1082,597.7215,1155.7288,672.1424,1283.9094,596.2098,1318.8496
4904.900000000001,606.5394,588.4105,622.6229,570.1465,590.1907,572.6427,659.4446,567.5908,573.6831,578.1034,713.23706,682.60425,547.65076,693.8325,744.3602,814.70337,514.63416,826.4689,754.7318,936.78564,509.80826,954.28235,685.6145,949.34607,578.7582,955.45593,699.75476,1137.6173,599.67224,1153.3031,677.1426,1295.6097,596.22205,1320.2264
4921.583333333333,611.70374,585.31885,629.6288,567.0331,594.8147,568.5873,661.56836,565.52576,575.0277,573.37683,713.204,680.0886,547.64844,690.19885,744.7385,813.96545,514.45605,822.624,755.92993,936.47656,509.24802,951.4895,686.40515,944.677,579.4315,950.7886,701.1395,1136.3984,600.2776,1150.3027,679.1117,1306.4646,596.6426,1318.7732
4938.266666666667,613.93866,583.2962,632.582,564.935,598.3095,565.9025,663.9925,563.7929,576.2718,570.77203,714.48346,678.1694,548.2447,688.6523,746.3172,813.7072,512.977,822.9318,756.9993,936.9152,507.96722,948.31244,687.9532,942.9367,579.38947,948.34015,701.8399,1132.0693,600.2327,1148.6426,683.08453,1319.1094,596.7574,1319.623
4954.95,613.0024,579.54565,631.1884,561.9485,598.58026,562.6609,664.6518,560.9678,577.63934,568.3584,716.1833,677.89075,548.636,687.6908,748.1086,813.5917,514.09076,820.99243,758.52167,940.69653,508.29968,949.0713,688.7618,944.50525,580.34235,950.48645,703.1696,1133.7203,600.4958,1152.5853,685.49896,1326.2299,596.2563,1327.2616
4971.633333333334,614.1151,576.14276,631.83386,558.7681,599.0709,559.3492,666.1516,558.4235,578.1019,564.826,718.5065,676.20917,549.3916,685.3492,749.8634,814.08234,513.86035,820.877,759.66223,941.128,507.4705,945.7098,690.2423,946.236,580.67126,951.99786,701.72766,1137.5093,599.17114,1156.0505,689.5979,1334.8228,596.62634,1323.311
4988.316666666667,624.9416,576.4279,642.4305,557.0263,607.0428,557.6486,671.5999,556.73126,580.4494,563.76495,721.8725,675.6857,550.36945,684.2078,751.24384,814.6342,512.408,817.88885,762.1795,943.3332,507.33252,939.46857,691.19147,947.43744,581.31366,954.0319,701.96796,1142.7246,595.92377,1153.0007,693.2922,1344.7646,596.1104,1324.6824
5005.0,622.6006,576.69354,640.45264,558.2636,605.13855,557.9029,674.09424,558.9449,580.95056,562.7399,724.1841,676.33234,550.41174,684.07184,754.9951,816.9089,511.97992,817.0799,764.2982,947.0914,507.81543,938.6745,693.0342,949.21686,581.9502,954.5328,701.8187,1146.19,595.34204,1157.0215,696.48926,1350.3975,597.4619,1321.9949
5021.683333333333,625.1,574.3708,641.1426,554.87836,606.7173,556.23615,674.7446,556.1369,582.1438,562.60065,725.60864,675.0179,550.02136,684.10895,757.1477,815.8642,511.96313,817.998,765.3982,949.3193,508.40662,939.7194,694.0918,950.5854,582.31494,956.16815,700.0205,1147.2996,595.13806,1159.7891,702.2374,1355.0186,597.2385,1318.7344
5038.366666666667,629.77893,572.39874,646.6564,552.6689,610.7899,552.94086,678.5963,554.23456,583.8623,559.2659,728.22156,675.616,552.0383,682.7485,759.85974,817.7153,512.2344,818.7913,767.3522,950.14764,507.85693,939.5944,696.83264,953.0296,582.4197,957.9882,698.91296,1154.4194,594.13086,1160.9851,704.6636,1362.4531,597.4973,1317.7461
5055.05,635.9512,571.77484,652.9109,552.1689,616.34814,552.41034,683.3711,555.1015,588.22034,558.0196,730.8074,674.37787,554.5862,681.5793,761.55493,817.83124,512.345,818.35223,769.2396,950.44904,506.89108,937.09784,698.78076,952.4244,583.37524,956.67035,699.9995,1160.4844,594.7992,1164.2031,711.4978,1369.1611,599.65625,1318.7412
5071.733333333334,639.92786,570.839,656.6343,550.5392,620.0383,551.7009,687.1752,552.48865,590.256,556.21216,733.33167,674.81714,555.63965,681.8655,763.8253,820.1937,512.9065,819.7728,772.25916,952.2678,508.24805,934.9873,700.1373,956.9009,584.2538,960.12317,701.03015,1160.7881,594.8844,1161.4999,714.5936,1368.798,599.19946,1319.368
5088.416666666667,643.9434,566.6621,660.2503,546.8153,624.0462,548.1476,691.20123,549.4508,593.3859,554.3871,736.9024,673.9293,558.33405,680.11804,766.38104,822.8888,513.5959,820.3651,773.107,954.99927,510.66046,936.86975,701.8011,959.277,584.0234,962.0802,702.8614,1159.9675,595.6163,1161.107,716.816,1370.623,599.716,1320.1556
5105.1,649.7687,564.59863,665.166,544.70825,629.32983,546.19824,694.8345,546.31555,598.4287,551.5503,739.8965,673.5574,562.5104,677.3893,770.07446,821.87085,514.21655,817.5454,775.5654,954.99817,512.2456,932.6406,702.8506,959.2705,585.7976,962.1555,705.0305,1162.2733,596.41284,1164.0459,718.9928,1377.8853,598.6102,1318.7045
5121.783333333334,655.37585,563.34247,672.4691,542.8764,634.37756,544.86237,700.0886,545.8586,600.6106,549.36615,742.8666,673.6297,563.1366,678.2265,773.9298,823.19354,514.98535,819.19586,776.8386,957.7945,513.6155,935.32904,705.90784,959.0379,587.2013,962.0848,708.0536,1167.7004,596.2919,1166.0015,717.39685,1383.5322,596.9656,1316.5979
5138.466666666667,660.09436,560.3715,677.90674,540.0534,638.6222,539.99347,705.8273,544.91864,605.03455,546.36664,747.1002,672.3907,566.60474,676.0059,777.6024,824.22736,517.1588,818.2795,781.141,960.28156,515.5005,937.2707,706.7118,959.31305,588.812,961.637,707.6046,1167.2231,596.125,1162.1094,716.1561,1387.1426,597.3214,1312.7632
5155.15,664.69727,557.0962,681.39795,536.55493,642.77905,536.76294,708.9741,541.19006,608.07324,543.6836,752.29175,672.0663,567.3053,674.85706,780.75305,824.8342,518.03894,819.1299,783.2278,965.3113,514.464,940.4436,710.0084,964.4717,590.1549,964.7483,708.4114,1172.6387,595.9236,1168.5859,712.98926,1402.5557,597.27246,1318.8181
5171.833333333334,668.1492,553.9966,685.9209,533.93933,646.53357,533.8877,714.59766,540.34106,611.5836,540.0464,756.59973,674.10803,568.9728,675.5604,785.00195,824.82324,520.5515,817.84985,786.094,964.2095,515.2849,938.0901,712.4735,964.2671,592.0852,964.6531,710.8091,1182.6005,594.64417,1168.7659,708.2529,1408.751,597.6089,1316.4387
5188.516666666666,669.9946,550.7439,687.94885,531.4193,648.8484,531.1361,718.975,537.51843,615.4647,536.714,760.71313,672.8976,572.25684,670.7942,787.037,828.098,522.68555,816.3832,787.03723,964.88074,517.0906,939.0011,713.96387,963.4059,593.2074,964.1139,710.99646,1180.6139,595.8395,1168.753,705.75793,1410.0143,597.49,1317.705
5205.200000000001,675.7054,548.75146,694.2675,528.6937,653.57,528.1781,724.28217,535.3966,618.0258,533.0769,764.8483,671.2977,574.23334,669.1299,790.81,829.7754,523.05634,817.3015,792.0607,967.3014,518.3111,938.5857,716.9084,965.9563,592.71356,968.5376,714.19977,1187.1737,596.09454,1170.4596,707.95074,1420.3904,597.9572,1313.9943
5221.883333333333,683.9895,544.2516,702.11523,523.6476,661.01416,524.5625,729.48376,530.5503,622.4457,530.9188,767.42615,667.50903,576.3673,667.6334,794.7251,826.1378,526.0414,814.90784,795.87,964.9529,518.3058,938.51636,720.24854,964.0852,596.1653,966.4712,717.7748,1192.6768,597.4015,1174.1182,709.95154,1424.7881,598.9957,1314.0933
5238.5666666666675,685.81573,540.398,705.18695,519.8891,662.8156,520.49225,733.31696,526.5201,625.31146,528.4727,770.46136,665.84467,579.02203,664.8377,799.1772,824.3746,529.22894,813.25397,798.83563,966.8472,520.882,940.30634,723.2963,965.888,598.0035,967.28107,720.5087,1200.8386,594.40656,1173.9114,709.9694,1426.1367,600.0412,1305.0681
5255.25,688.38055,534.7151,708.9194,514.4988,665.5712,514.73755,737.52435,521.71497,628.0837,523.58276,775.24335,665.14307,579.89374,662.00525,804.2115,823.76855,530.8337,814.6975,802.9511,968.7556,523.3079,942.44116,726.8923,968.4072,601.1962,971.562,723.3432,1210.7947,591.9306,1179.5889,709.69696,1425.8633,601.62994,1300.6276
5271.933333333334,691.2177,529.99304,712.1567,510.03333,668.5461,510.20007,740.97723,516.22437,631.2187,518.93945,778.363,661.14,583.4604,656.4568,807.05096,820.813,533.4975,811.92847,806.96954,968.89343,523.20905,947.1809,729.48334,966.6643,603.6574,969.6759,726.3139,1211.5983,589.93317,1176.9817,711.226,1429.967,601.3868,1301.5575
5288.616666666667,696.76715,526.2345,717.06744,505.7743,673.28375,506.35376,743.83954,513.43896,634.3691,514.96606,780.6275,656.1537,584.2055,652.9623,812.1855,818.8197,534.6215,813.62537,812.16473,966.3705,522.11786,951.2565,734.007,965.4523,605.88776,968.0123,730.008,1205.9384,592.14545,1173.8842,710.9013,1423.0111,603.09686,1300.4723
5305.3,700.74243,520.3353,719.947,499.8733,677.0676,500.3412,746.18677,506.48584,637.01575,508.23645,783.0493,652.16125,586.36755,647.67847,814.9636,817.3241,536.9758,807.9999,817.0536,966.6813,523.18286,950.5597,736.2705,961.859,608.91284,964.345,733.2671,1208.9891,587.6637,1182.284,710.479,1421.8334,605.6194,1295.3628
5321.983333333334,703.2636,514.58875,722.00885,494.41162,679.9162,494.71204,747.65326,501.4038,639.89606,504.50208,785.2077,647.61975,589.7421,642.38,817.29706,814.3412,539.7226,804.641,821.39874,966.02673,524.9858,949.2511,739.68036,963.5226,611.3129,962.8292,734.09955,1211.6136,587.6911,1183.1854,709.8099,1415.9835,608.8355,1296.3824
5338.666666666667,704.1973,510.20148,721.83185,489.4809,681.6766,489.78888,749.6927,493.68866,642.15204,496.40118,787.6429,641.7055,591.2541,637.3603,819.7884,809.7563,539.7818,801.13654,825.81024,960.4196,526.50433,948.5466,743.26776,957.4047,614.0462,955.92523,737.4207,1192.9731,586.5484,1174.4321,711.18646,1412.5793,612.36127,1305.491
5355.35,700.4204,502.73987,719.9475,482.46057,678.98096,482.1449,752.5082,489.91675,643.6196,490.03223,791.4241,636.66895,593.0071,631.35364,823.1697,806.42236,542.1161,797.65784,828.7842,960.36816,527.402,949.3771,744.89954,952.17004,614.1675,951.17236,737.3242,1200.5845,589.2012,1179.0616,711.81067,1412.1583,615.02783,1313.5203
5372.033333333334,707.2858,496.5976,725.7403,476.68524,684.0245,475.7708,753.70013,482.91888,643.4643,483.67926,793.7955,632.41254,591.36884,628.45917,826.2276,807.7154,544.43976,796.05963,831.7382,959.8837,528.21014,950.1683,749.727,950.5756,615.69464,949.15717,739.47504,1199.9106,594.12823,1176.6931,710.8464,1408.3306,615.41925,1321.3735
5388.716666666667,710.7768,489.65918,729.03253,469.48218,685.934,469.1267,755.2586,477.51514,644.26556,478.29712,797.84454,629.5762,593.59076,622.547,829.76373,803.7866,546.6363,792.02783,835.7387,957.5825,529.5339,950.5022,750.4067,952.865,616.3415,949.9802,738.1657,1199.5469,596.24115,1173.7466,712.3505,1418.0164,615.73517,1336.5059
5405.400000000001,707.9431,485.11328,726.51904,463.69934,683.662,464.3733,757.12744,471.14478,644.87683,474.32117,801.4811,626.0161,594.34717,619.1555,832.78467,800.8218,548.9143,786.6543,839.01196,952.8734,530.17236,941.3789,752.30615,946.60693,617.614,942.9353,738.2046,1194.0085,598.43396,1171.4847,714.6919,1408.3433,617.552,1348.7764
5422.083333333334,707.5563,482.7671,727.96655,459.96436,683.6637,459.72278,759.57153,466.99292,647.50415,469.76343,804.3373,623.20105,595.7136,615.64624,836.83276,800.1123,549.77356,785.56714,841.7632,954.1206,530.1903,946.53516,755.1693,948.52466,618.07715,944.8567,736.1001,1195.1704,601.21484,1171.1638,716.1007,1413.5496,620.4896,1361.2737
5438.766666666667,710.22626,476.4615,729.14703,454.62042,685.62933,453.05145,761.8603,459.6889,649.185,461.8282,808.1601,620.40326,597.40753,613.4035,840.2349,798.7414,552.0474,785.3576,846.13983,949.49994,531.51117,946.77496,757.61566,951.20184,617.77765,947.5783,734.5849,1202.311,605.5496,1175.6843,715.7974,1413.603,623.40656,1378.0178
5455.45,707.8029,472.56482,728.3829,449.58704,684.8748,449.338,764.03436,456.60974,648.6158,458.8827,810.05743,617.27,596.3725,611.5416,845.53046,798.6007,553.492,783.16125,847.2598,950.66785,532.36273,947.76636,759.3461,951.9701,617.774,948.912,735.26154,1203.9058,610.9504,1178.8468,717.7774,1416.9581,624.3796,1400.872
5472.133333333334,707.49493,468.70026,729.2148,446.33514,684.1689,444.26508,765.22504,454.47906,648.8194,455.27765,812.7928,614.58795,596.79364,609.5318,849.2221,795.00006,554.081,785.309,853.3808,946.20746,533.17706,949.2078,762.071,957.16876,618.16486,953.966,736.88104,1204.8496,614.6214,1180.1187,717.60956,1414.2842,625.04083,1410.3242
5488.816666666667,707.7942,466.76465,730.0215,443.6454,684.8418,441.49524,766.2494,451.43982,649.964,453.33752,815.05945,613.56775,598.9784,608.1339,851.63586,792.9601,555.0951,784.5576,858.2062,942.2462,534.65857,949.3535,765.219,958.3031,620.9586,953.433,737.3063,1208.944,619.8865,1185.893,717.35034,1410.7743,626.68896,1426.9926
5505.500000000001,711.578,464.90784,734.12195,441.0929,688.6638,439.70544,768.2102,449.36975,649.693,450.42566,817.50696,610.64795,599.20557,606.6207,856.7991,788.728,554.9812,788.4813,860.62524,938.71716,536.57324,951.7163,764.42676,959.9845,622.7914,954.23987,738.0676,1206.9886,629.67456,1186.9862,714.6648,1414.2877,630.03784,1436.8795
5522.183333333333,715.4417,462.8612,737.83673,438.21313,691.7911,438.18982,769.3591,447.15393,649.2266,450.0863,819.9395,607.98865,599.47406,606.4188,858.50226,788.4735,554.27106,790.9381,865.35956,939.84216,537.5777,955.1632,768.93207,957.4933,623.5566,953.09424,740.8521,1202.6385,634.81964,1187.9247,717.3658,1412.1232,629.4168,1442.8383
5538.866666666668,706.3037,460.9511,730.05225,437.2093,683.5576,435.14496,768.9868,443.91656,649.8137,445.51422,821.7107,604.5855,600.0011,606.0053,861.0654,786.264,555.1727,788.9091,868.2471,938.7486,538.8319,955.78265,770.9939,960.8189,626.3209,956.2691,740.69507,1214.4053,639.0298,1200.0408,718.0669,1413.3877,629.87695,1464.4153
5555.55,710.5948,461.64948,734.1784,437.15106,687.56305,434.94135,768.6302,443.07025,647.5114,444.74628,822.9202,603.28326,599.74176,603.41693,864.1978,782.7878,555.2564,790.08075,871.03253,934.77435,538.5452,954.5734,774.2662,958.19305,627.74384,954.3105,741.50275,1212.7107,641.9461,1205.7339,717.97003,1411.9978,631.939,1473.1726
5572.2333333333345,710.21704,454.37872,734.4822,431.3747,688.6179,430.0119,768.3645,440.74677,648.9061,442.47418,826.25,602.37213,600.38525,602.4698,865.9763,780.8923,556.4253,787.81757,873.42175,931.4146,539.62134,955.56464,774.8877,962.1401,629.7971,958.5363,740.812,1214.7493,642.45386,1210.7461,719.9397,1417.6865,632.16174,1491.7932
5588.916666666667,707.83295,458.5384,731.4382,433.86078,683.89484,433.76227,769.26886,439.19696,648.86066,443.3487,827.86847,601.32855,599.9755,602.21844,868.5832,781.8554,556.4577,787.2275,877.2863,930.36383,540.59454,957.8532,779.0496,961.87115,632.21564,958.7265,741.252,1214.3799,645.94977,1211.6946,720.4649,1422.1428,630.6265,1491.9504
5605.6,710.5248,454.1731,734.8114,429.64807,686.08105,428.45483,770.70447,435.98694,649.4364,438.98694,831.3745,602.1692,600.24536,601.7511,871.9673,784.6367,555.8082,790.66187,881.4297,931.36597,541.2991,957.7003,781.88306,962.79565,634.81665,958.5796,743.9929,1213.9847,650.49524,1211.7896,721.42944,1425.1833,632.7908,1498.2183
5622.283333333334,712.71796,447.89893,736.86554,423.84924,688.29535,424.8556,771.06024,433.25452,647.5273,439.54724,831.42914,600.0332,598.9631,603.5929,874.7795,785.9635,556.05426,793.5138,883.04974,931.6061,539.711,960.45984,784.4119,967.2311,636.01825,965.0194,745.07587,1217.6593,650.8398,1215.7179,721.7159,1428.486,638.1735,1508.245
5638.966666666666,707.78534,447.78595,732.5661,422.0993,682.8803,424.1341,769.4445,426.9997,647.32904,435.93292,831.43695,597.7314,598.1766,602.9555,875.24066,786.0639,557.36127,792.962,886.8648,932.9992,540.21295,961.8222,786.3088,967.1767,637.47626,966.2629,748.0529,1214.4905,653.8659,1217.5752,724.6894,1417.9778,642.404,1514.634
5655.650000000001,714.18396,443.28656,738.96155,417.9466,688.0337,419.27094,771.85095,423.24506,647.0282,432.27374,832.3352,595.3205,596.18384,602.80414,877.46277,782.70087,555.7854,795.8754,887.94995,929.9599,538.276,962.1142,787.129,973.88153,636.8054,973.9272,749.2621,1225.6743,655.9645,1229.5835,726.2429,1423.676,648.1426,1533.2495
5672.333333333333,709.71893,437.60052,734.3829,412.48175,684.3206,414.18817,769.58405,419.2547,644.5092,428.73676,833.4693,593.06683,595.0721,601.1735,878.79376,780.50934,555.0372,794.8997,890.3995,931.48834,539.1883,966.7758,787.8046,974.15643,637.35406,973.3818,753.62115,1225.5059,657.9024,1231.4751,725.0367,1426.5327,653.21344,1537.709
5689.016666666667,708.4279,431.28485,732.0203,406.2564,681.4367,408.7193,765.3073,413.52264,639.988,424.7646,833.57245,590.42194,594.39325,598.8674,878.95355,777.86334,552.8471,794.3045,891.6457,928.90607,540.34845,967.4505,788.5666,974.7391,639.07465,975.04974,758.3945,1229.6438,661.42365,1241.8743,730.16595,1419.4302,657.4891,1551.0249
5705.7,705.8652,429.61993,729.2686,403.91888,679.46014,405.89374,766.2066,405.9726,639.7021,419.86298,834.3764,585.96747,594.1115,595.06903,883.37933,777.559,550.4776,794.55914,897.19305,931.45575,539.75824,969.2542,789.6967,974.4213,639.1606,972.2276,762.5361,1228.0701,664.80536,1247.1272,724.7602,1418.7502,660.2978,1554.8838
5722.383333333334,706.93933,422.0979,731.46094,396.07666,679.0547,399.4137,766.7749,402.17822,635.9756,415.9795,835.4098,581.17883,590.94617,595.5376,883.0857,772.52246,549.05774,797.98157,896.29675,932.114,538.9132,968.7146,793.08594,974.99805,641.2803,973.9795,761.83984,1241.9966,670.374,1255.6787,730.34863,1429.2056,662.82983,1564.8574
5739.066666666667,707.8892,413.06177,731.90814,388.0116,680.11053,391.47144,766.2011,396.0426,635.83563,410.5067,836.19354,577.0032,589.79706,591.8638,884.05756,770.7411,546.6839,798.3877,898.81854,934.27563,538.79926,973.60925,793.7392,975.3673,639.92084,971.03015,768.9611,1243.5428,671.2541,1254.4313,731.75604,1432.93,663.5705,1576.768
5755.75,703.4287,408.94556,728.6819,383.35608,675.2781,386.52307,764.6045,390.75183,632.80347,404.5376,837.2505,572.0945,588.4956,587.3468,886.7272,768.9247,545.2379,794.5984,902.49146,933.8756,537.3169,975.25793,795.7998,974.9789,639.8303,968.41064,779.98486,1246.0082,671.9011,1260.4379,734.4564,1427.3351,663.7893,1575.1178
5772.433333333333,698.1973,402.58844,724.7712,376.55853,670.87714,379.84393,765.4051,383.31635,630.55255,397.6159,838.36346,567.05707,587.4899,582.75995,888.9548,771.5013,544.5076,789.9288,905.5296,934.0556,536.4434,970.9388,794.7448,971.60065,638.66656,966.18634,790.0798,1246.7908,676.8931,1266.4663,732.7236,1428.3882,667.59344,1575.9246
5789.116666666667,697.82947,398.9416,725.22034,371.76715,670.3707,375.22638,766.02966,376.50092,629.2976,391.43854,840.63855,563.71515,586.2367,580.15424,892.3646,769.4108,542.2506,793.1584,905.8888,935.487,535.04553,975.7475,794.5117,970.9316,636.75085,965.847,795.21643,1253.0647,678.5751,1263.6357,737.8457,1427.5864,670.5724,1576.8906
5805.8,700.5155,391.9881,726.3236,364.10248,671.25073,368.49445,765.6577,369.78436,628.80884,385.92145,844.43115,560.4898,585.87976,575.961,895.2141,771.5263,540.43994,790.6678,910.2405,938.77997,532.16113,976.7537,797.8269,974.1313,636.00854,970.8227,804.2925,1261.7151,684.6594,1272.5925,743.05566,1416.7219,669.21484,1578.9248
5822.483333333334,704.1238,385.25323,729.1448,358.05597,674.6361,363.086,766.9336,361.44537,629.40564,379.89703,846.42944,556.1694,585.8252,571.7231,897.6129,772.601,541.72156,793.0878,914.24585,941.2144,532.08057,986.15106,800.119,973.6613,634.67163,971.9228,809.70776,1265.9849,686.60156,1275.4539,748.4169,1412.7466,669.574,1578.2202
5839.166666666667,699.6523,382.073,725.4239,353.62695,669.9294,359.08386,765.5369,356.6582,628.91876,374.20203,847.8483,549.64734,585.64276,563.9005,899.67413,769.7197,538.91437,786.53125,917.34283,944.92285,529.33124,983.9575,802.5778,964.8723,631.71027,964.96216,818.1806,1258.8689,686.5844,1272.469,753.04755,1407.6194,671.0784,1567.2893
5855.85,702.2773,372.45447,728.56635,343.90466,671.64264,349.53296,768.6984,347.3181,628.9008,367.4746,850.34235,542.0759,586.6789,558.2407,900.9749,759.6085,536.7321,781.2693,917.51776,939.1821,526.2834,978.2905,804.49066,967.7656,632.13715,965.2396,826.3464,1262.9878,685.02277,1274.9746,756.29803,1417.7397,672.97845,1571.937
5872.533333333334,695.42395,364.6292,723.8269,336.5761,666.7838,340.54413,770.312,337.5246,629.17773,355.16803,851.12524,535.18866,585.63135,548.25726,903.22095,753.85077,535.7152,769.54535,920.32886,938.362,523.3611,975.15717,803.5276,958.5367,628.15356,957.336,832.042,1266.3447,682.8535,1275.574,762.4949,1424.7554,673.9498,1577.5757
5889.216666666667,700.8095,357.60834,729.7619,329.72076,671.8388,332.11908,772.1523,331.16193,631.1982,346.9677,853.8029,528.34564,586.2724,541.7049,905.64325,751.73553,535.88837,762.4816,923.29584,935.55804,523.5861,964.7116,806.6254,952.70184,631.5135,952.77484,837.3411,1263.7583,680.70917,1274.5774,768.0992,1428.5142,673.6197,1574.374
5905.9,696.01764,351.48248,725.9056,322.27582,668.413,324.80658,771.2453,323.075,630.43207,337.39606,855.73553,521.6811,582.6215,536.93866,908.57416,754.59735,532.0378,761.32526,927.75104,938.5894,521.00494,960.45306,808.7619,953.0517,631.26117,955.4117,839.77655,1259.0042,679.8577,1269.023,778.93024,1448.6392,673.19305,1573.7678
5922.583333333334,698.2015,339.9286,726.5064,311.1626,669.6711,314.07068,776.90656,312.19373,631.4548,328.33252,858.7767,515.1752,583.2601,529.59375,911.09064,754.848,531.87164,755.21045,929.2984,944.3313,519.03827,957.6659,811.4892,950.802,631.2393,958.5342,845.72577,1256.7256,677.84674,1276.0347,785.60504,1449.093,672.5379,1572.1799
5939.266666666666,708.70435,331.51575,737.76074,303.75854,678.63306,304.9298,781.9807,308.03015,635.0303,321.391,862.23596,510.59924,583.9923,524.806,910.90405,745.39343,529.5574,752.05945,933.90967,935.8966,519.8124,956.5735,814.83105,949.694,633.67737,957.0137,845.0725,1254.5831,675.3096,1278.3197,794.572,1480.5072,671.93054,1574.2169
5955.950000000001,713.44006,323.51123,742.74585,295.4131,681.9486,295.74036,784.33264,299.94397,637.38513,309.88806,862.79407,503.46448,582.1915,517.6017,913.95374,735.6782,528.2136,744.5714,934.9557,929.0714,515.6565,944.7239,815.98303,945.5663,633.52075,950.2728,851.10095,1247.3021,679.14746,1265.549,798.682,1507.7743,673.41956,1573.1727
5972.633333333333,716.5391,314.1895,747.82135,288.31696,686.9118,287.6729,790.8007,293.28912,636.8128,301.51996,865.0839,498.04547,582.10834,511.8676,916.46954,732.9327,525.70294,739.58014,939.66815,927.5429,514.1639,938.4764,817.9771,941.6529,635.1827,947.15106,851.274,1253.6064,678.1912,1270.8857,806.16095,1537.4282,675.1226,1576.1245
5989.3166666666675,726.00226,310.35883,754.17804,282.49847,694.74225,284.2956,793.52594,286.4864,639.81305,298.92694,868.727,492.3681,585.41864,505.02582,918.2807,730.7159,526.123,733.2424,942.97345,933.32904,513.6225,934.545,819.3824,945.31464,634.6822,950.7089,853.018,1253.6155,678.2828,1283.429,814.2364,1562.273,673.6236,1579.1797
6006.0,729.9431,302.5755,758.4669,275.6341,698.6903,276.02692,800.0265,278.00214,643.34705,284.956,873.00354,490.37994,586.13916,501.93573,923.9081,730.53876,522.8041,727.75336,944.04114,932.0861,514.06287,933.12445,821.49036,941.6629,636.4425,947.7231,855.8899,1256.6135,678.172,1286.6816,820.7135,1586.9841,675.43713,1578.8479
6022.683333333334,724.90656,296.25293,756.76227,269.94482,696.7873,269.23206,801.6503,276.7035,644.0278,282.8241,876.5772,485.9099,587.14105,495.17957,926.4007,732.6687,520.29254,729.8594,945.8649,933.22644,515.6009,925.4435,823.1578,939.91565,637.0809,948.598,853.46515,1265.8883,677.8592,1282.4733,830.67206,1615.8221,677.9766,1580.1989
6039.366666666667,742.2938,294.02356,766.4553,264.31665,706.1282,266.3147,809.6349,266.7627,646.2362,276.0957,879.32874,484.46106,586.9758,492.43127,927.8673,734.7626,521.77527,727.499,948.9767,939.17883,516.49915,916.86365,824.8085,936.69666,637.65173,946.10986,853.03625,1271.293,679.90784,1288.6497,837.7649,1634.9502,675.8373,1583.0151
6056.05,756.3268,285.2815,779.8876,254.55505,717.8876,258.0409,815.85803,260.9037,647.9381,274.1659,884.0856,481.8048,588.548,488.20374,932.3248,735.37024,522.15564,724.849,950.34607,940.4009,521.4457,908.78455,828.8109,942.20703,639.7062,950.09155,857.29126,1279.0533,681.67883,1291.9459,847.89014,1660.0126,673.7241,1571.4144
6072.733333333334,759.7454,281.32654,784.15753,249.53821,722.09393,252.96545,820.2845,252.56738,654.1983,267.3584,890.3205,480.00708,589.8941,485.9242,933.9838,736.6234,520.846,724.39197,951.9449,936.36633,520.3349,907.6627,831.67316,947.6188,639.8995,955.0714,860.28925,1291.892,679.25543,1293.6954,856.5335,1677.974,673.8692,1576.0262
6089.416666666667,759.51904,277.14563,784.2385,244.68542,723.25586,247.31348,824.3093,247.28357,655.89795,258.58044,893.8718,477.91895,590.4918,482.21228,938.52734,732.9855,520.8157,720.91345,952.91943,943.5697,519.7378,906.54553,833.7892,950.03577,641.4287,959.65247,861.65186,1304.6664,675.7373,1299.6998,864.3882,1696.9967,672.34973,1579.3473
6106.1,761.30396,271.19055,787.9762,238.443,726.2246,240.94812,827.5515,244.46179,660.3606,257.0083,897.8264,472.06628,591.9713,476.7611,939.9784,734.3662,519.58594,722.90295,956.9053,948.8539,520.94507,908.87537,834.66626,953.70496,639.99927,959.619,858.44775,1312.598,677.7356,1302.7638,876.96313,1714.0492,674.2488,1578.0062
6122.783333333334,762.03284,264.34363,789.422,231.60046,727.526,234.6847,830.9911,240.73376,663.5272,253.70276,903.17676,469.56653,594.9015,472.79724,944.5707,733.0126,518.71436,714.7981,954.70715,947.577,514.73816,902.10486,835.05884,957.65735,640.3539,962.6969,858.6222,1326.7311,677.04333,1306.7555,888.48376,1734.3278,674.5342,1576.736
6139.466666666667,768.0316,261.45898,796.0884,227.9491,732.62354,230.21252,836.9878,236.99768,667.52734,247.33423,909.499,464.99744,596.5515,469.0829,950.3257,724.2947,522.6096,714.0918,960.99695,943.30383,521.0198,906.37024,840.864,958.1981,642.9822,962.6144,859.4265,1324.0499,673.11255,1306.538,896.505,1735.0692,673.7699,1577.9596
6156.150000000001,771.9857,252.14172,797.3839,220.1123,735.7477,221.70044,842.1813,225.99414,672.4623,238.30981,916.0106,461.9768,600.2717,465.23975,956.2405,725.5748,523.9193,711.86145,963.1195,944.02734,520.8451,906.3672,844.6338,959.44336,644.52466,958.10815,860.2676,1330.7026,676.27344,1302.1321,900.2235,1747.1309,674.4103,1574.6343
6172.833333333334,775.75684,246.82031,802.8329,215.02051,740.85376,214.90039,845.9791,223.85864,677.4531,228.36218,924.3286,461.3755,603.88184,462.60718,962.4066,733.77625,525.4978,710.68713,967.15515,949.0598,519.33496,903.8921,851.98193,961.95337,648.0679,961.31616,866.21826,1346.7598,679.85693,1314.0266,897.5781,1754.0708,672.5161,1563.6445
6189.516666666667,784.9697,246.06177,813.41626,212.67615,747.8773,212.56738,853.5084,225.17139,680.74915,228.0752,930.1593,456.2771,607.5514,455.0277,966.2626,732.5654,528.0808,703.2261,969.04114,950.23926,512.58386,903.91187,853.7717,956.0337,647.5237,955.16675,869.2927,1341.4128,679.5801,1306.0837,899.1553,1760.708,673.3473,1552.1985
6206.2,795.8144,242.29773,825.0606,207.58167,757.0158,207.88318,865.0944,215.40222,687.29694,217.65332,935.51483,454.4723,609.0932,455.63306,975.1342,729.34265,527.779,705.79456,977.7299,949.2953,518.7597,906.60046,859.3874,957.4896,652.0971,959.28503,874.12274,1363.3961,677.12775,1310.9757,900.9084,1783.0375,674.71136,1542.1818
6222.883333333334,803.2426,235.97937,832.7983,200.87634,763.95917,202.13806,874.0207,213.33447,693.5058,216.16931,942.01056,449.95117,618.8403,446.46997,983.96844,721.86633,533.62006,692.83057,983.6121,950.5989,519.4587,902.3291,863.96844,956.9824,655.32,955.8789,876.0871,1360.9441,676.0871,1303.6013,895.1231,1802.956,676.47845,1554.9299
6239.566666666667,815.7759,227.77197,846.84045,192.96765,775.9275,193.4867,885.8822,205.14172,703.0315,204.23999,947.2875,447.24915,619.99304,440.9851,990.69946,725.8085,535.5603,696.81946,987.71436,952.7975,517.6467,910.14465,867.0757,962.93274,656.8817,959.26184,877.2599,1373.2291,671.96216,1307.1322,889.9652,1814.0353,677.88477,1547.9525
6256.250000000001,818.25574,220.45679,852.60156,186.07178,779.29175,185.79529,895.6809,200.91162,707.5747,197.56738,955.8119,443.55066,625.0215,436.60962,1001.1293,722.8517,539.71606,693.98987,988.797,959.4824,519.62866,916.4402,872.80786,959.24805,661.42773,951.8513,875.3169,1381.9778,672.2837,1295.7068,882.01733,1820.1721,676.0239,1543.6248
6272.933333333333,831.3668,214.85547,865.0077,178.66418,789.3085,177.6886,906.32947,191.27917,712.4552,187.6466,965.03125,440.2356,625.7366,431.813,1011.588,725.31165,540.4767,692.4231,996.0648,961.8812,517.3595,916.5133,879.3788,963.54407,662.849,957.9208,879.32336,1392.705,673.42224,1317.2008,872.69214,1822.715,677.5072,1558.2787
6289.616666666668,837.01953,206.49976,871.9208,167.89062,796.9612,166.71777,916.9076,179.29175,719.87476,180.95337,973.8253,434.1985,632.27905,425.76123,1017.15796,727.30444,540.0864,693.6011,1007.7539,968.0344,516.8572,926.4851,886.64087,963.0095,664.949,959.05664,882.9568,1392.5305,672.6116,1321.4226,875.11584,1824.7434,679.6305,1551.5952
6306.3,847.1352,198.4353,882.4377,158.7489,806.5965,158.5022,929.40045,173.16272,727.0372,174.25342,985.72906,431.1477,634.3829,425.7555,1027.3374,723.3286,543.8471,695.5808,1013.7354,970.8423,517.6578,926.0149,893.19806,966.6775,667.9483,964.59546,888.04913,1401.4932,669.2093,1336.752,879.08,1820.2405,676.3018,1569.8328
6322.9833333333345,859.1783,185.979,893.2972,146.65454,816.1458,145.84741,938.4594,165.1029,734.33905,166.55115,995.1149,427.7765,637.71124,421.53992,1038.0691,721.025,547.2785,694.5519,1025.9939,965.23645,522.7076,922.1996,905.3276,968.98596,672.81915,967.6102,896.57965,1404.9742,665.2227,1346.6876,878.6994,1822.2194,678.8504,1574.9515
6339.666666666667,865.925,178.20825,902.0107,140.54724,820.8973,136.40588,948.13043,159.64563,743.44794,158.29993,1007.45685,426.8125,641.3475,413.07373,1046.1023,726.3943,551.1724,690.0293,1032.6907,971.522,524.7598,926.81323,910.54865,972.4136,677.7403,970.0381,904.6868,1408.5913,661.40607,1349.9951,879.5889,1819.4902,677.89264,1559.5542
6356.35,869.1086,170.46375,908.1058,132.67822,824.9764,128.94641,954.61774,147.35803,750.32,147.13538,1016.3377,417.71655,643.7474,407.33105,1041.0376,721.3063,555.9272,686.9972,1038.6165,966.7565,524.3161,927.49915,917.5949,973.79407,679.85175,973.0133,914.71356,1410.048,654.8007,1357.0629,879.2321,1810.8932,677.1856,1561.5533
6373.033333333334,879.7435,160.97986,917.52234,124.462524,835.2655,119.03821,965.0051,137.90564,757.0156,133.35046,1020.97644,409.04626,645.0779,401.78357,1047.6576,717.03577,559.49695,685.22327,1043.5339,969.9508,528.0713,927.598,924.4529,964.65857,684.30225,964.4552,924.91516,1401.7374,650.5874,1352.5126,879.49695,1819.1202,673.0232,1561.8717
6389.716666666667,888.8287,147.08105,923.9394,110.96338,845.26483,107.29309,972.0286,131.25964,765.1949,120.592896,1026.1309,397.55225,652.93695,389.34668,1053.7329,706.62354,563.5877,677.3323,1052.9954,967.76245,529.5739,932.522,929.1264,959.1467,684.8742,956.3445,932.4123,1380.1892,646.89813,1345.3542,879.3586,1813.0867,671.89484,1559.5146
6406.400000000001,898.2624,136.594,933.31464,98.547,855.4062,97.17261,977.2309,118.31763,770.5323,104.64526,1030.9451,386.83313,656.2414,380.771,1056.9956,700.9741,565.74384,676.6304,1062.302,969.001,528.4943,934.7256,939.8515,955.96826,689.13336,953.1614,937.35614,1387.8496,643.0501,1350.5898,878.23285,1815.4023,671.2347,1556.9067
6423.083333333333,903.8779,128.32959,938.9625,91.95447,860.9763,89.026855,983.01575,113.69971,775.556,95.82251,1033.2687,375.61816,659.46655,371.8966,1060.7501,693.58215,566.8152,673.7262,1065.2112,965.3085,530.0996,932.8944,943.7593,944.11755,692.58203,944.48157,939.8745,1388.1564,643.4358,1351.6649,878.46436,1808.8134,674.45215,1558.7626
6439.766666666667,911.14966,113.30725,945.58606,79.76477,867.3717,75.88782,987.60254,103.21277,783.33655,88.60852,1039.5298,368.50378,662.93884,365.66443,1071.4058,699.0365,566.73425,672.5171,1072.6365,963.34705,532.0747,935.89197,952.14453,944.6427,694.3634,942.557,943.4142,1386.5787,646.4369,1349.9838,880.34875,1808.3043,675.5895,1560.4242
6456.45,913.841,98.66577,950.4028,65.66528,869.88885,59.899536,994.60223,92.88953,790.7862,80.099365,1045.0405,359.97412,668.74335,351.73584,1072.7898,698.2073,571.67,660.8325,1074.7532,968.2822,533.5975,930.09546,959.21747,944.9619,696.53424,940.33984,947.0455,1394.9224,645.3023,1361.1802,880.1829,1812.1123,678.4073,1605.5103
6473.133333333334,921.6142,88.766846,956.94525,54.81653,873.836,50.656128,1000.8675,79.71179,794.4637,67.89465,1054.6536,349.8662,670.37775,342.19128,1079.5435,691.3335,573.31805,660.7145,1078.5991,961.67786,535.71735,931.5819,964.5484,945.22327,697.93756,938.527,950.8647,1399.4137,648.2044,1362.6034,881.6204,1812.4027,682.8986,1618.5773
6489.816666666667,916.2577,80.94202,956.3898,46.160034,870.46326,44.90381,1002.2706,67.84961,794.7898,59.516357,1050.651,346.1372,671.49744,333.51465,1059.8063,670.5967,575.9707,657.4817,1041.0565,922.3291,535.00305,931.5249,968.9945,933.1094,699.3585,927.75903,952.97205,1401.6111,649.5995,1357.032,884.0542,1811.3582,684.93335,1615.2031
6506.5,926.3987,64.02832,965.5637,26.437988,882.8827,25.281494,1011.39844,52.360107,796.77905,46.09619,1060.2742,339.20068,672.56067,324.89734,1070.1055,660.9856,576.35034,657.8484,1034.2074,900.87744,540.1001,931.9387,979.77625,935.2263,700.0779,929.3943,951.4479,1407.4221,652.5126,1365.103,884.3185,1817.6255,688.39014,1653.3374
6523.183333333333,933.8434,36.86267,973.21533,-0.20654297,888.76746,-0.37280273,1017.66235,36.121094,797.06116,29.452637,1062.4159,328.31616,675.5502,312.29456,1074.1167,650.78784,578.6929,655.21826,1036.2114,891.46216,541.3661,931.0674,987.87744,941.67676,704.0233,932.79565,953.5936,1417.9438,665.71497,1378.4409,885.5383,1820.0999,688.896,1690.7976
6539.866666666667,934.2846,32.849365,973.31244,-1.2889404,884.863,-5.307251,1021.90375,27.501587,795.6097,20.713623,1066.721,322.83484,678.1142,306.02063,1077.0503,637.81384,581.13715,649.23303,1044.187,886.52844,540.3702,933.6122,994.5207,934.76624,705.3693,927.8688,954.16034,1426.7892,675.7111,1387.5978,886.2182,1825.5883,696.3392,1751.2858
6556.55,936.46,22.064331,972.35944,-11.84729,884.76605,-14.881836,1021.6706,21.500366,800.04803,13.887573,1067.8389,310.56616,681.11884,292.7511,1077.5334,631.1837,584.102,639.5277,1055.3113,891.98816,540.0334,930.86487,998.75885,934.77747,706.9306,919.71277,955.39374,1430.4415,681.9244,1384.611,886.68854,1825.057,697.0849,1779.392
6573.233333333334,939.72455,20.591553,975.38214,-14.712158,887.0942,-16.619629,1025.3525,10.697998,804.0289,7.381592,1071.0251,301.2334,686.31696,286.28442,1073.856,633.2803,589.2862,631.5946,1064.6641,899.29517,541.8609,926.126,1001.4804,942.40356,710.03937,925.57227,961.07916,1432.7817,694.87665,1393.854,884.8564,1815.4595,704.6535,1795.1592
6589.916666666667,942.8245,10.21167,980.9432,-27.139404,889.6014,-27.01416,1030.0278,-0.7680664,808.3492,0.5443115,1078.8557,291.73083,689.4786,278.00146,1078.5918,633.86365,590.4626,627.2859,1066.3811,899.2953,544.3172,926.4042,1006.5771,947.5797,710.5362,928.7711,963.87946,1441.0289,704.88654,1403.3473,882.972,1829.9796,702.83405,1839.9655
6606.6,934.0071,10.025757,974.58057,-27.806885,884.00806,-28.364624,1028.3383,-3.963379,814.00464,-3.9888916,1085.1619,286.24072,691.2125,267.5692,1085.2828,632.9756,592.0386,621.62854,1072.0076,907.2771,545.3552,926.3711,1008.9442,949.26,713.75635,929.66797,964.7052,1445.4172,711.8511,1416.981,882.0918,1835.0845,709.0608,1860.3528
6623.283333333334,940.8739,9.270874,979.43445,-25.645264,890.0504,-27.970337,1027.2351,-2.4533691,817.2634,-3.652588,1070.863,277.67053,697.0989,262.1537,1061.9502,633.1759,593.49756,617.0111,1018.3605,858.7052,548.93225,924.6339,1015.24805,949.9989,720.52966,931.411,970.5447,1439.5385,714.9679,1419.8634,883.0034,1818.546,710.1803,1866.4337
6639.966666666667,947.7325,-4.979248,983.9489,-41.149902,900.3875,-37.17505,1033.0127,-8.7677,823.4736,-5.632324,1073.5996,274.39587,697.78973,259.21118,1060.6465,633.2311,596.5097,613.59827,1013.6169,849.53577,551.1965,920.8202,1019.6324,957.63855,724.30194,939.6034,976.0616,1450.2238,729.33466,1436.7186,880.9589,1827.2787,716.20123,1876.3588
6656.65,955.28186,-10.200562,988.87427,-45.61145,910.15283,-39.753662,1036.2571,-9.531982,828.7412,-9.904663,1073.6576,262.80115,701.6793,253.53247,1055.7878,627.579,599.88354,610.74756,1014.13696,836.17224,551.6658,928.4503,1025.4692,956.8949,731.8185,942.2267,981.54456,1456.267,741.82886,1445.7299,880.7783,1817.243,725.69495,1888.496
6673.333333333334,955.21246,3.583374,992.3979,-36.51526,911.7298,-26.989502,1043.7183,-3.4072266,832.11786,0.23669434,1074.3816,257.1051,701.8653,251.50256,1053.2556,629.0763,598.0264,613.52466,1016.8171,835.702,551.85895,928.1112,1028.0203,962.94763,736.2957,950.2291,977.6556,1471.267,761.815,1453.9381,878.7913,1826.3119,734.0496,1893.6447
6690.016666666666,955.4442,-21.22876,1000.07825,-54.044556,911.31226,-49.65515,1054.8379,-5.421631,832.9945,-16.129883,1076.257,247.66467,703.89185,246.30383,1054.8717,631.3119,599.822,610.7096,1017.98047,847.2434,555.46606,927.6593,1030.7445,967.04114,737.65955,955.9713,981.1129,1480.8932,774.2621,1470.1295,877.5541,1838.1344,736.99634,1900.7838
6706.700000000001,952.29297,-33.458374,998.1609,-60.72998,905.82263,-57.057495,1057.0377,-14.096924,830.8627,-24.329346,1077.9569,235.47375,706.9938,238.52869,1046.6102,625.9315,602.17395,603.78186,1020.4574,858.42053,557.558,926.3412,1034.4724,966.34705,743.355,951.7633,977.1277,1497.5973,789.02185,1480.8282,866.1544,1855.4034,764.7886,1909.5826
6723.383333333333,945.1913,-12.925049,991.33594,-46.784912,903.7937,-40.819214,1054.0146,-9.623535,836.5281,-16.885254,1079.1007,231.12415,705.6626,233.92395,1048.0385,624.2766,601.61707,602.26636,1016.85657,844.97314,558.4209,932.10864,1035.3977,961.0735,745.2141,948.3115,975.2102,1507.8662,805.1167,1487.2283,858.66943,1847.8569,787.2822,1908.356
6740.0666666666675,951.06195,-37.4364,995.5795,-63.345337,905.6895,-55.74939,1054.9778,-19.83081,834.21747,-29.619873,1077.1865,225.45276,705.28766,227.45593,1052.5669,618.4448,601.1884,601.43945,1021.2712,864.0786,560.7581,933.9375,1040.1172,962.33154,748.79596,952.3137,980.5579,1511.8032,812.97675,1490.9795,855.3112,1844.9316,810.34467,1912.9849
6756.75,967.5493,-40.86487,1005.23474,-62.792114,921.2289,-58.26416,1057.7386,-15.535156,844.2405,-30.729858,1071.1875,220.87866,708.2793,219.41162,1048.42,608.99976,601.96045,595.999,1020.8093,867.98364,563.01416,933.23584,1043.075,967.7549,754.8989,958.8491,982.57166,1520.8232,823.7976,1498.2676,857.49414,1844.0032,824.5759,1912.4534
6773.433333333334,955.07513,-54.93701,994.97577,-73.74829,913.4389,-69.81909,1055.178,-31.151733,841.21063,-38.339844,1069.0752,212.3899,702.6485,214.51392,1051.9126,604.2717,599.1254,601.8047,1013.143,844.8385,563.9202,940.4104,1043.1145,963.26,754.96515,955.1328,988.8317,1525.6272,827.5079,1504.1919,859.08234,1848.5276,836.39825,1915.1355
6790.116666666667,971.93274,-62.270752,1013.3252,-79.924805,933.5145,-76.93762,1059.062,-36.692383,847.3319,-43.83313,1064.0723,212.67322,699.9701,212.41785,1045.7704,602.1239,598.333,607.0923,571.35046,982.4385,565.0973,944.77515,1046.9154,969.04443,760.1957,959.2798,988.7975,1546.4087,836.32117,1516.5806,858.4105,1848.1174,845.0748,1911.1531
6806.8,967.41327,-64.799194,1008.3056,-85.621704,933.6862,-80.604004,1058.6272,-42.395508,849.4108,-52.100708,1065.8784,206.3407,703.0811,205.57947,1044.9622,599.1022,597.1551,607.2445,1021.25433,864.80505,566.4611,943.8102,1046.6313,970.62415,760.9838,963.5802,990.06366,1565.8214,846.1286,1534.6132,838.9753,1837.004,857.3295,1921.6361
6823.483333333334,960.0259,-68.45105,998.8247,-89.47778,925.07715,-79.96582,1054.7682,-59.69812,843.0305,-56.318115,1067.2882,202.20459,699.1477,202.45557,1042.7966,600.0115,595.26013,606.2085,1016.069,887.2312,565.9346,952.2815,1051.1395,982.8386,764.53076,970.63477,975.11597,1603.7422,855.6206,1555.9377,833.729,1838.7339,861.8529,1923.4275
6840.166666666667,969.36816,-76.956055,1000.4955,-97.25098,928.0985,-90.767944,1061.8116,-70.818115,840.8978,-73.08179,1097.89,185.75647,696.6188,196.03357,1081.2723,589.3237,592.7389,606.6721,1038.3333,896.13855,565.1251,956.20276,1061.7666,1006.8307,771.214,996.64954,997.0665,1575.076,862.4248,1570.5717,819.79895,1833.1864,866.6166,1927.0746
6856.85,971.28503,-77.23694,994.7189,-97.652466,927.2715,-91.57263,1057.4827,-77.48645,837.2323,-78.668945,1094.4865,178.51416,696.2074,186.41443,1074.346,582.5029,588.41797,608.9148,1049.1088,894.58765,562.1863,966.5386,1055.4562,991.67847,771.0676,986.43335,992.62256,1577.0874,873.7842,1575.4175,830.728,1840.7769,866.52686,1934.5547
6873.533333333334,966.8454,-74.201904,992.25824,-94.50842,929.1866,-83.78699,1055.7698,-80.26672,848.3648,-77.138794,1090.1455,173.7284,695.3472,181.64868,1072.477,579.906,584.87506,616.6526,1052.855,890.0593,560.22003,975.23364,1057.8931,992.99414,775.1015,990.1594,989.89703,1591.7354,878.8465,1603.001,841.6978,1850.5427,872.6635,1937.9429
6890.216666666667,961.36206,-73.00879,981.7655,-94.17468,934.1074,-83.61621,1050.612,-86.24573,853.9192,-75.349976,1082.9022,160.5686,692.27246,174.55237,1059.717,580.4735,585.15063,612.5134,1047.7905,888.5082,557.54407,979.494,1060.4576,992.7528,775.92126,993.60095,983.73987,1612.682,889.93286,1624.0404,845.22644,1857.9183,873.00977,1932.2587
6906.900000000001,951.77246,-78.926025,971.7345,-98.57666,925.0194,-91.80139,1040.5449,-93.84717,838.8906,-81.0155,1083.0398,156.94873,685.3528,172.71277,1058.4869,579.3358,580.0503,626.9606,553.7667,1008.897,557.17126,989.65405,1066.3306,1015.91187,778.9436,1012.48193,975.61304,1642.2549,898.6918,1651.9478,845.423,1883.3862,875.3594,1935.221
6923.583333333334,947.3512,-78.2511,963.22107,-102.128174,928.92053,-89.49243,1034.0653,-92.71521,839.9364,-82.574585,1080.402,148.80652,682.4114,169.3717,1051.187,584.3729,576.2163,633.2417,554.9502,1006.47473,557.89746,1002.18494,1071.06,1013.0648,781.6886,1014.15027,962.1633,1661.2977,899.7683,1670.0204,848.50366,1897.4696,866.67017,1939.0936
6940.266666666667,929.30347,-83.533325,938.1582,-110.10559,886.343,-99.86731,1015.71704,-83.95154,843.42285,-90.298584,1086.739,139.38171,682.62024,163.38696,568.6416,627.5785,570.95483,636.4082,547.83484,1013.4341,553.76746,1007.4094,1072.7004,1008.42065,778.51025,1010.4341,957.3274,1671.928,894.16895,1691.9575,848.13525,1883.9692,867.8989,1935.937
6956.95,936.12146,-85.953,944.0731,-112.31189,884.21716,-103.158936,1011.32214,-76.73596,853.76465,-85.28516,1081.0293,144.20654,683.15393,154.10071,572.6166,624.6648,569.11804,635.1184,545.9448,1012.6996,550.3252,1012.61414,1072.2318,1021.36707,782.93054,1024.7843,956.74646,1689.089,898.1012,1715.9686,858.4939,1876.8063,854.9702,1938.6996
6973.633333333334,924.283,-79.07434,959.8298,-107.3772,896.6967,-104.59094,983.1121,-80.10986,892.89935,-76.01062,1075.6829,136.4602,686.45013,140.11157,569.7568,627.1715,565.4316,637.6676,543.7858,1020.99084,547.0026,1022.162,1075.3684,1037.4149,787.56146,1043.9774,960.7928,1708.1342,897.0882,1744.3624,876.72687,1890.6774,846.1584,1946.087
6990.316666666667,919.6634,-81.540405,933.50433,-107.2207,888.95734,-103.72229,979.55035,-81.59985,859.16486,-73.126465,1074.6284,130.88623,690.3079,124.03723,566.2575,614.1632,563.7067,626.41064,534.3947,1027.429,541.9909,1024.7849,1076.5156,1034.5764,782.1473,1037.3516,977.6077,1715.9841,895.6036,1774.0979,910.59296,1847.2295,849.8007,1932.3997
7007.000000000001,900.6533,-86.23999,956.2466,-109.01697,898.234,-103.5188,947.9789,-100.2439,860.35376,-85.60828,1073.7863,125.0177,689.5748,111.12451,564.9979,603.90515,564.59143,613.1936,531.8822,1030.9169,540.2859,1030.6898,1077.8575,1041.1761,778.75635,1038.3734,993.9524,1734.9838,891.3552,1786.8495,927.95703,1852.4911,851.2479,1933.6757
7023.683333333333,799.4552,-97.45325,1017.9888,-103.94812,1002.8229,-96.640625,977.7772,-75.247314,868.07983,-109.02551,1075.4948,109.94812,681.92175,103.304565,561.2218,595.94934,560.9779,606.8004,518.53845,1034.3573,533.4109,1032.247,1091.5386,1040.6547,769.70935,1033.2147,1043.7235,1749.0565,893.11365,1797.3192,941.9027,1871.8026,848.83484,1938.3844
7040.366666666668,800.3203,-104.390625,903.5939,-261.91925,775.3425,-108.89099,972.84436,-83.54492,874.57654,-162.05737,1076.0422,97.1991,675.4182,89.441284,556.2119,589.2694,557.4165,602.24915,512.0469,1031.3988,528.58936,1028.4843,1089.0348,1031.486,766.77527,1029.4459,1040.0867,1719.4572,881.5449,1784.6552,965.7698,1889.0096,847.67065,1931.5785
7057.05,828.7229,-205.34924,891.2477,-262.39148,991.53186,-109.006226,974.5061,-46.919434,871.19165,-167.08203,1070.5326,86.60217,666.17944,71.15271,547.51,573.4404,552.0056,584.91797,512.31946,1025.2327,524.67017,1025.6243,1087.9355,1017.4634,765.0032,1017.37744,1037.3108,1713.5002,887.67224,1779.4788,950.7892,1870.2031,861.44934,1922.1885
7073.7333333333345,770.66705,-166.73035,880.67194,-262.4765,799.7067,-261.62878,976.9439,-35.75049,855.59406,-159.91309,1073.4553,80.08423,664.15753,54.404175,545.1646,562.21423,547.99677,562.50696,512.4368,1024.2623,523.40436,1027.159,1099.7339,1020.39026,764.2869,1016.1427,1063.9966,1713.8224,893.1336,1773.1007,951.03143,1868.5363,870.0782,1917.7008
7090.416666666667,724.37354,-259.04193,854.92236,-261.0398,755.02747,-261.58392,881.4563,-261.99847,804.9519,-115.276245,1075.4595,70.41333,657.65356,29.73999,545.26904,548.22864,544.44055,549.339,513.9238,1017.50696,518.82104,1015.37366,1093.1119,1000.0509,758.8872,1006.3041,1068.6796,1716.3417,895.8662,1777.5502,934.0526,1863.9982,896.17834,1918.4711
7107.1,705.72,-261.29425,844.2368,-261.5774,744.0325,-261.9519,972.5122,-68.10181,748.87585,-137.94629,1082.1954,50.858887,645.28564,25.182251,1070.3666,451.3695,542.86,537.5062,506.3672,1008.173,512.55566,1002.7003,1098.9504,993.943,757.631,999.05994,1079.7251,1707.911,893.35974,1762.8063,933.8806,1879.7782,927.4081,1920.1825
7123.783333333334,684.04254,-261.20367,755.7166,-261.92194,706.14386,-260.31543,868.88727,-262.36853,718.49225,-179.25775,1076.3391,48.885864,640.44574,31.45044,1082.7839,445.00366,537.8963,526.25635,491.62567,964.24365,506.25873,979.3511,1096.7773,1000.7632,762.49725,1008.1367,1065.926,1718.1274,891.1965,1777.8904,892.83746,1887.3494,909.8083,1920.1572
7140.466666666667,668.80475,-258.6648,724.32904,-260.92554,538.0361,-107.635254,560.6069,-65.26868,504.17255,-88.838135,1068.7043,46.4104,632.69257,33.044067,1084.7554,472.85388,527.90546,526.62964,1068.636,905.4612,506.5605,975.26416,1094.3135,1004.9011,762.5854,1008.3926,1085.9714,1726.8835,895.8112,1773.0762,881.32855,1889.6609,952.96027,1914.4717
7157.150000000001,675.2007,-260.96765,723.4512,-261.66858,679.9054,-261.2237,814.85767,-263.74255,711.00745,-177.73608,1083.9021,35.61975,623.48474,32.470093,1113.5227,439.72498,521.39795,516.5403,487.3794,982.431,500.688,960.8563,1101.8091,991.3778,763.2865,1001.3236,1128.1495,1710.6088,901.119,1777.9906,855.7838,1898.2936,964.90967,1911.5314
7173.833333333334,661.8151,-265.96173,709.0871,-261.7766,533.3415,-114.37756,738.6203,-261.5249,699.3625,-193.6853,1082.5596,28.463745,618.5214,33.073975,1102.0952,396.60327,515.68744,502.682,510.63385,895.9802,497.2536,933.7837,1105.1077,978.1316,768.2646,995.6111,1122.6421,1697.1157,894.02045,1771.5095,856.2951,1893.6101,954.24945,1906.8914
7190.516666666667,654.6026,-265.16632,683.4533,-262.214,528.96674,-109.37085,550.8387,-68.71875,697.1867,-183.05237,1075.8523,12.583618,616.9664,30.272339,509.71796,444.54895,515.6203,494.0376,497.86688,901.8629,492.25482,913.5077,1103.7874,955.1183,768.27216,979.60266,860.8443,1778.6222,897.06354,1779.5646,837.61615,1883.5936,962.0335,1898.8341
7207.200000000001,541.76245,-109.581665,546.1575,-99.88464,524.16394,-102.00256,547.2849,-70.289185,495.2356,-88.55591,1077.3906,23.101196,619.11755,35.585938,512.4575,443.20862,509.7229,487.20483,490.91724,881.2036,487.55542,895.823,1107.367,958.87573,772.8237,979.65894,851.9093,1776.9885,922.4004,1770.6646,823.3458,1895.2942,977.7787,1906.2815
7223.883333333334,644.48444,-266.10278,540.492,-106.12793,520.4047,-107.11609,538.65607,-67.52722,491.4024,-89.85144,1075.4744,13.009766,613.9954,21.401855,503.90717,438.19214,502.7542,473.96777,483.73077,875.50366,486.8338,889.98364,1109.2639,957.5078,772.5164,993.4844,860.0903,1795.7681,913.25604,1801.5933,831.8167,1889.1931,962.87823,1900.7893
7240.566666666667,645.9683,-271.37805,538.78827,-104.289795,519.5329,-105.55701,536.7359,-70.00806,489.6458,-87.596924,1077.2332,12.559326,618.42694,17.41748,499.726,436.4375,493.65814,462.2224,481.72015,866.88135,481.45197,870.94507,1111.7021,963.91064,777.4548,997.6362,862.2398,1773.523,916.89215,1787.823,827.7255,1884.5964,959.00714,1898.5549
7257.25,633.1538,-262.43073,533.6555,-109.19617,514.3528,-110.006714,529.4363,-66.065186,488.81714,-87.2522,1071.9105,2.774292,607.8032,24.505371,497.19543,431.87878,489.9148,455.35376,477.73755,864.90393,476.91663,851.0043,1113.7715,944.1278,779.8043,985.56335,856.15906,1779.444,927.38184,1791.0927,824.645,1884.7489,964.3989,1904.8434
7273.933333333333,645.0126,-262.68616,673.6271,-262.03033,644.4269,-264.51147,560.6046,-76.69275,481.5797,-97.8999,1074.7034,4.0461426,607.4088,19.837158,497.97668,429.2124,485.90723,448.43787,475.66772,858.0962,474.74524,835.3843,1116.8439,938.5813,781.98096,979.9011,876.59973,1748.5283,921.95044,1775.2576,827.5314,1885.8987,961.12256,1898.6318
7290.616666666667,639.0905,-261.6657,665.6662,-261.82623,637.7203,-262.74634,1045.2104,-52.431274,716.0336,-94.20776,1070.6523,15.746094,603.3398,10.688843,499.37787,428.96277,482.5418,436.4048,470.3908,859.98413,471.51727,826.10767,1122.4863,937.896,797.3007,981.2483,877.81683,1762.3257,928.06683,1788.1919,827.5673,1877.3113,957.40814,1900.0908
7307.3,638.2004,-261.7511,665.85944,-262.0354,636.41254,-262.52985,713.27594,-261.50446,712.4688,-95.00256,1066.6443,17.302002,601.3614,7.2320557,498.7647,425.5775,482.2718,428.9662,476.12653,852.68665,469.2845,824.6847,1123.7334,937.86,803.7507,984.6085,876.1352,1772.4308,933.6313,1799.5792,829.2974,1878.59,948.6512,1891.9928
7323.983333333334,631.2388,-262.3109,659.0492,-262.39233,629.11707,-262.80713,704.42065,-261.88776,713.8463,-94.56372,1067.8784,18.157104,595.15295,6.287964,495.78296,425.86816,482.6715,422.13928,484.26294,846.1842,466.16296,817.5419,1123.3665,910.56165,801.4491,961.8397,878.48694,1768.9669,933.7887,1793.3197,838.23206,1851.1075,944.8513,1889.7299
7340.666666666667,636.52563,-262.63263,668.43066,-262.63745,638.22925,-261.7544,783.7107,-265.69995,710.75464,-93.844604,1062.815,16.65979,593.9651,6.039673,494.7207,424.74744,483.89075,418.3197,485.84253,843.2191,462.68506,814.41077,1125.4471,906.453,808.83203,958.202,898.18225,1767.9005,938.8728,1802.5331,833.81604,1879.6476,942.26843,1899.0687
7357.35,645.68756,-262.05524,680.26715,-262.30853,653.2918,-262.25366,793.37897,-268.01074,467.53436,-94.38977,1070.7681,34.81848,601.2381,-0.27722168,495.7591,417.13904,488.22357,406.4464,485.74542,828.9867,461.60272,805.51697,1124.1775,921.4303,822.65436,963.8412,905.90985,1793.0563,947.3542,1819.1134,845.36383,1855.2743,933.4289,1890.7367
7374.033333333334,658.95844,-263.08716,701.721,-263.07294,505.7834,-115.431274,810.91705,-262.84442,466.79205,-92.10327,1077.7944,35.65979,601.2952,3.2648926,495.10272,423.53918,485.35724,413.07385,486.04327,831.5863,463.35822,808.9227,1122.7112,948.1532,833.04,976.66174,924.51447,1798.6866,946.85846,1826.4994,843.23676,1877.5248,915.2,1898.2496
7390.716666666667,665.2329,-263.7987,713.452,-263.77185,505.23145,-118.26697,816.90576,-262.92712,465.60168,-94.51709,1077.2651,32.10974,600.3479,2.7282715,495.89368,414.14636,491.09668,406.62415,488.93616,828.2029,464.65552,807.00964,1123.5819,953.8032,839.66064,980.8447,896.02026,1807.1594,947.4315,1831.1199,836.08936,1875.8984,888.9254,1899.811
7407.4,662.8025,-263.51257,755.94214,-262.63544,506.7473,-112.52405,524.33704,-65.41406,469.80652,-90.03125,1086.8331,35.75879,605.7699,6.404419,496.50476,414.86572,493.54822,406.77148,486.9994,832.5243,465.37317,813.4519,1124.5927,966.30054,840.37146,989.41675,879.641,1805.5583,948.55505,1830.0964,832.6592,1876.1089,884.8685,1895.4812
7424.083333333334,663.1075,-262.89087,750.4373,-262.2002,686.9344,-262.3153,824.7996,-262.1115,466.6701,-93.541504,1084.5322,32.258667,619.2485,14.791016,496.32428,421.11316,494.06573,411.6101,485.00128,828.9404,464.57257,812.88354,1123.51,968.10596,844.6053,998.0884,876.3265,1809.1663,947.45123,1833.822,830.3935,1880.168,883.3614,1895.3213
7440.766666666666,668.1677,-261.65167,714.8292,-261.53796,697.8491,-261.23694,835.1957,-262.18652,712.7532,-100.267334,1074.6732,27.285645,635.7532,15.077026,499.437,411.96265,503.36365,402.24023,478.64575,807.3181,466.7013,810.40454,1124.5533,982.38965,861.08997,1007.0576,888.2073,1820.6531,948.5763,1842.8357,831.0526,1900.6658,879.395,1909.6543
7457.450000000001,663.626,-261.6551,768.0171,-261.30713,702.8025,-261.72888,843.47754,-264.1325,713.5006,-102.03711,1074.2738,23.444702,639.34534,10.733276,501.68628,416.84753,510.4436,410.65308,476.7068,817.6166,467.68896,816.1798,1126.7008,991.2545,866.42957,1018.6764,874.8623,1824.8693,953.06726,1847.1215,829.4785,1900.414,867.703,1909.0609
7474.133333333333,657.6753,-261.3152,701.1499,-261.41278,682.7694,-260.6397,966.10547,-242.34381,712.71094,-104.7522,1068.5056,25.191772,647.73706,10.776001,514.3086,414.1681,522.85474,403.89026,474.34326,828.5642,470.16797,828.614,1125.2295,986.37134,868.4636,1015.1113,895.698,1812.3464,944.0979,1832.6042,836.5325,1895.6011,894.1687,1900.3833
7490.8166666666675,660.27264,-261.29382,796.3193,-261.15594,696.39984,-261.14313,487.27814,880.49255,711.75775,-106.01001,1075.051,26.740723,656.3483,24.153442,516.11346,440.26282,524.5673,433.60657,483.75507,841.9988,470.9843,839.26404,1130.5276,984.21936,867.72736,1019.5326,876.36884,1814.4799,947.5987,1829.1371,832.706,1896.3617,914.9433,1896.5096
7507.5,677.37897,-261.00354,800.8366,-260.34003,714.2216,-261.18512,485.89716,875.1443,707.602,-105.67297,1073.9976,37.30188,672.34906,32.672607,525.6379,445.07446,532.48956,438.59302,479.65814,855.53784,471.44354,859.37134,1128.0234,999.7612,874.7773,1024.127,888.61017,1819.489,954.215,1834.1589,835.27826,1896.9836,920.76605,1894.1448
7524.183333333334,667.91675,-259.6703,533.94995,-95.66797,512.7811,-100.54187,541.57666,-72.48743,482.8728,-86.75098,1060.6625,24.365356,668.0156,33.084106,535.41846,441.69165,544.41846,428.35254,478.7616,857.0316,475.53845,862.6483,1120.8013,1009.327,871.86707,1028.6385,895.4724,1819.5016,958.2235,1833.662,832.10156,1906.8424,925.8168,1896.6515
7540.866666666667,663.71796,-259.30988,792.7237,-259.21338,516.84064,-104.39734,540.2288,-75.07776,483.5816,-88.70947,1059.5325,14.467651,669.4251,20.894775,548.6873,437.05603,554.97736,424.11304,486.7083,871.026,481.4594,878.0392,1121.3376,1000.6676,870.39435,1016.0045,918.3161,1815.5385,958.4506,1831.6539,836.21515,1906.5074,919.34393,1897.2238
7557.55,679.0872,-258.66132,803.742,-257.80322,711.2635,-258.36633,855.0892,-258.22034,495.92108,-92.11755,1054.5923,15.411987,686.7576,20.63977,570.1995,425.45605,572.268,411.29614,494.97296,868.2285,485.61066,882.83057,1120.7986,978.0381,867.7895,993.4321,917.20087,1809.918,957.2906,1824.9956,836.4743,1910.6885,903.8028,1903.4624
7574.233333333334,698.5668,-258.05127,830.44727,-257.2436,741.40796,-256.6731,886.89966,19.967285,825.38135,-197.54071,1059.2366,9.334961,695.6926,11.543213,582.68677,420.1178,585.24536,410.00244,514.8428,885.876,497.4956,895.90405,1126.9152,959.6736,867.43445,968.33594,922.0377,1797.6313,960.5897,1818.5503,840.86646,1912.237,913.19055,1902.8701
7590.916666666667,728.8556,-259.3136,846.7871,-258.8391,773.3485,-258.13226,867.2158,-258.9021,833.42285,-203.48334,1057.4657,15.871094,707.6395,19.652344,596.4075,427.16016,597.39575,419.21277,519.261,891.6239,502.53296,900.421,1110.7893,960.0995,864.4088,981.7689,929.192,1790.8138,958.39343,1812.4398,837.6321,1918.3033,911.098,1906.3717
7607.6,560.6294,-96.490234,864.7252,-259.4743,533.8705,-96.92212,870.56165,-259.75488,846.1742,-203.78876,1063.1951,18.971558,714.7533,35.536865,594.1581,454.1986,601.1842,456.8772,521.0327,894.59143,509.0841,906.2887,1118.3391,960.3895,866.30664,986.56946,941.5603,1799.2428,954.3793,1812.8077,848.891,1909.4615,906.19446,1902.9196
7624.283333333334,564.7189,-91.09155,864.06506,-260.0794,538.6068,-97.22485,875.67126,-260.10974,510.98206,-84.67493,1053.7241,29.07544,718.0065,40.983765,633.0563,448.55188,616.04236,456.1687,531.9166,902.9015,519.702,911.058,1074.1957,972.16125,860.4103,982.8502,936.82996,1821.6442,945.69714,1831.7697,860.57227,1909.3615,889.7029,1908.5905
7640.966666666667,835.0795,-260.39667,869.86224,-260.9309,551.16473,-99.09558,881.6608,-261.41815,857.8676,-199.40515,1058.8696,28.744263,710.85236,55.947876,654.5107,455.80273,627.1557,470.15002,552.42914,907.2798,533.4721,910.833,1086.794,973.4822,860.207,986.77466,951.95013,1821.0137,946.39667,1832.0581,873.0771,1898.5352,907.18207,1895.1421
7657.650000000001,836.4661,-256.48633,873.9534,-258.36725,574.5546,-99.07947,888.5811,-258.0963,545.8107,-75.84595,1053.3054,37.972168,712.34454,61.239746,672.09625,454.61475,638.86554,469.1349,566.2028,902.15845,547.73126,905.5261,1081.5957,980.4424,864.2911,986.3235,956.83966,1824.2615,942.8509,1834.862,889.21783,1899.5845,905.60846,1900.3125
7674.333333333334,597.0111,-85.951294,882.39954,-257.492,572.03296,-96.37976,899.88477,-257.2697,542.69336,-81.15137,1045.278,44.27954,713.0332,63.154053,677.33386,476.5952,646.0038,482.85498,578.07776,909.5886,561.97253,918.4834,1055.7843,1002.2283,874.9789,999.2903,962.5299,1830.2954,942.0172,1840.2329,900.37854,1897.616,910.79675,1902.0879
7691.016666666667,605.6316,-90.86511,892.00146,-256.9093,581.5853,-97.76123,915.77466,-227.78668,555.2355,-76.40466,1039.1105,48.293213,721.037,66.80542,671.6748,500.7754,653.7179,490.50305,588.30457,917.86475,575.60876,923.93555,1043.4646,997.66675,882.8357,986.229,960.0791,1825.4666,938.11536,1838.4558,922.88184,1886.1013,918.9044,1901.2502
7707.7,606.9162,-93.54407,894.5024,-256.52527,587.57074,-98.57056,935.69086,-193.09088,583.72284,-76.273315,1025.1108,49.60254,725.15204,67.52136,680.1894,499.46765,659.8309,491.0918,598.3189,920.47473,585.5369,925.40686,1039.4436,992.50696,892.566,984.3219,966.852,1827.3065,943.05096,1839.4867,939.01495,1878.735,921.8083,1900.7443
7724.383333333334,622.00775,-95.33215,626.88043,-95.693115,598.70465,-97.76355,623.8421,-73.872314,574.55597,-79.108154,1017.1313,51.42639,732.9454,64.70471,683.16425,492.84192,667.91583,481.057,614.39154,915.6041,599.6397,916.7523,1010.47675,1024.973,899.576,998.30066,980.32367,1839.017,950.15753,1849.7672,967.7955,1845.6176,932.1005,1895.5604
7741.066666666667,627.2322,-94.57092,635.71533,-95.64404,607.69434,-97.46875,632.99585,-72.64526,590.5105,-78.28821,1017.7854,49.75879,733.03357,63.992188,686.1039,496.00684,673.8584,486.96472,627.9529,925.00806,612.84155,925.8987,1007.51904,1012.3989,912.59766,989.364,986.7239,1839.6575,955.62964,1854.2434,972.3865,1864.7004,934.2822,1904.3855
7757.750000000001,770.87524,-228.73901,888.12476,-256.41138,626.59717,-104.57385,642.0437,-74.746704,610.2224,-80.756836,1014.0925,53.27722,742.0311,57.70508,691.97974,492.88184,676.6824,488.3379,640.8469,924.7471,626.4595,935.53125,1000.5906,983.10693,915.87756,983.51953,974.2838,1829.3696,948.5764,1845.3462,941.621,1874.261,927.7632,1905.9258
7774.433333333333,782.7295,-261.9906,885.2256,-255.47101,623.66614,-103.28577,642.81726,-71.475464,597.708,-80.68799,1011.76294,51.68872,741.9591,52.818115,694.9708,479.50317,683.5665,478.7893,652.8502,914.71924,639.33984,928.4888,992.1979,987.1289,925.38184,981.2322,976.2064,1837.9878,957.2333,1854.4429,930.4188,1885.7241,940.29944,1909.5308
7791.116666666668,784.7846,-262.61536,886.72906,-257.63647,629.6552,-105.92456,649.0505,-71.087524,598.35724,-83.01404,1016.1584,47.42273,748.382,53.176636,707.3332,471.4121,690.2414,476.33923,655.1342,905.20593,648.45074,912.21375,992.7758,987.7401,931.1369,983.4054,982.46796,1839.3026,955.6193,1857.1327,932.07,1890.9662,936.94037,1913.5223
7807.8,792.55414,-262.4265,903.6955,-260.1609,628.08136,-107.40137,649.0756,-70.92163,594.9195,-83.15979,1024.4102,46.096313,753.6258,51.447876,714.71405,465.76282,694.94305,475.47778,663.30023,905.2621,661.3652,912.4955,1002.5782,993.91345,939.592,982.83923,986.0418,1840.5844,957.8348,1859.2831,930.3671,1892.039,937.85834,1911.6337
7824.4833333333345,793.18774,-261.3186,922.29614,-260.3764,627.27344,-104.93042,649.1835,-70.66931,592.7152,-81.2738,1026.2112,42.855347,757.7456,52.104126,709.0293,489.91772,696.6714,491.5022,677.87256,912.4961,676.9779,923.4297,1007.41736,988.59375,942.4523,984.8037,984.7468,1832.7925,959.80176,1849.8486,935.8916,1897.6934,937.43005,1909.4727
7841.166666666667,801.6379,-262.26428,931.7065,-262.00684,834.0799,-262.7569,653.8503,-68.454346,904.9583,-194.00195,1030.6626,41.34912,761.51654,54.100586,705.2587,495.86816,700.2724,495.53894,694.1066,907.08655,689.3647,920.9811,1017.97394,976.8141,941.96783,980.51526,986.9361,1809.9103,959.8056,1823.0895,965.7629,1853.2657,944.21674,1897.152
7857.85,807.5471,-262.79175,934.88257,-262.25378,838.8408,-262.9864,661.42847,-65.2384,912.3861,-195.09741,1027.6445,30.608643,766.1432,48.153442,715.8375,476.39844,705.4778,481.03992,706.1638,902.0753,697.9834,917.37317,1021.1848,963.4979,943.5093,974.26135,989.46045,1788.2667,960.5049,1799.1871,967.65015,1867.7103,946.71826,1899.8107
7874.533333333334,807.3093,-262.34192,923.36426,-261.27942,641.2948,-105.517944,664.61865,-68.997314,893.87427,-193.19812,1034.6898,37.117676,765.4944,52.04541,716.41614,485.58728,710.412,487.64612,713.34204,902.3898,708.4252,920.28894,1022.9811,967.77405,949.16125,974.2665,989.83704,1777.6254,962.923,1790.5736,971.55273,1895.9608,948.6769,1911.233
7891.216666666667,811.03534,-261.44446,930.44135,-260.4873,643.9732,-104.89758,669.4305,-63.318848,856.3621,-178.03192,1032.9106,37.42212,767.04083,51.4541,716.51373,499.2915,715.0655,499.87122,722.8189,910.13965,717.98676,929.2932,1021.71356,967.1699,949.84406,973.7136,987.3786,1775.7859,961.6976,1787.3098,968.3254,1898.0642,946.28595,1916.1443
7907.900000000001,812.6918,-261.56958,933.6361,-260.87128,648.9165,-107.50354,673.0115,-61.993286,860.21106,-175.60962,1040.381,40.72339,769.8395,52.64673,711.1836,514.1184,716.1024,514.34326,730.2809,918.58813,726.474,937.1809,1032.8966,970.5432,950.2501,979.80664,990.4779,1781.3711,961.35474,1792.259,970.52527,1869.603,949.60205,1909.138
7924.583333333334,821.2127,-260.75153,943.8166,-259.93536,650.9322,-103.6438,676.0738,-57.112183,913.6882,-182.3606,790.6956,54.760864,777.8765,46.394775,724.6596,502.7124,723.2359,502.50415,735.6409,925.2473,733.1961,943.0083,1017.43536,981.19116,955.4024,980.8667,987.39923,1768.033,961.4439,1780.7354,969.04425,1872.7134,949.4141,1911.0977
7941.266666666667,819.6568,-261.91058,936.8864,-260.5329,654.8167,-107.70349,677.28546,-68.25647,937.76447,-189.63916,1032.9897,43.823242,785.9056,43.32556,740.85333,486.6537,728.6861,487.93335,737.89386,918.1188,735.53156,939.05725,1022.6983,984.2013,957.4163,982.8507,992.1463,1771.628,963.4477,1785.9427,973.1414,1876.8156,950.5313,1910.6271
7957.950000000001,822.41,-262.38342,905.993,-260.72882,658.25726,-106.351685,681.38336,-69.93298,936.7166,-188.28156,1038.1584,38.32422,789.9134,42.343628,740.3475,488.16125,732.7254,492.12085,744.5546,919.4933,740.91034,938.98816,1028.6924,976.04553,959.28375,976.50745,994.3909,1769.2882,963.42975,1777.6044,977.72565,1877.2438,953.9217,1911.7106
7974.633333333334,819.68115,-262.12427,687.0071,-104.41565,661.2991,-103.52576,685.12866,-70.76306,631.01086,-80.72058,806.2704,56.117676,793.33167,44.37439,741.91345,504.22266,739.3274,503.65173,751.38196,919.4232,748.0397,937.9337,1021.44324,978.94006,960.8627,973.4486,995.7853,1784.244,963.51575,1794.8424,970.683,1897.1581,945.2626,1917.9393
7991.3166666666675,822.7681,-261.6457,687.0771,-99.676636,662.81146,-101.07153,688.1137,-72.59863,631.9711,-80.41699,1037.7573,44.34668,795.9699,51.283936,752.8132,518.4613,744.4622,517.75684,762.40497,933.34924,754.68744,944.0697,1024.4404,983.8207,962.40155,984.2157,999.2299,1788.1554,959.2941,1802.1901,971.27167,1901.4713,949.7365,1915.3009
8008.000000000001,834.9196,-263.3108,876.20013,-262.85657,667.70135,-101.88721,692.2547,-74.91138,637.0795,-81.96472,815.7414,64.28613,802.1503,50.305298,761.5644,501.4397,750.81415,508.3103,768.35724,925.0325,758.3322,936.9116,1027.4016,983.1699,967.2402,982.18066,1003.2248,1789.0542,962.3493,1810.7646,976.55707,1902.1592,954.477,1914.7295
8024.683333333333,688.4616,-84.246704,692.29047,-91.34668,668.2128,-96.32849,695.32404,-75.440674,638.5511,-81.60791,825.76105,65.33838,806.5518,51.22998,768.8284,521.6776,757.19147,516.8804,777.0345,921.43066,763.40753,934.6655,1031.9629,982.1953,969.0926,980.5073,996.8797,1769.0183,955.3138,1780.8721,984.4799,1868.9253,957.74896,1904.1829
8041.366666666667,687.4046,-80.093506,695.5964,-89.795654,671.04254,-95.1604,700.34406,-76.717285,645.2128,-83.474976,826.48785,55.639038,811.2037,43.451904,784.94147,488.14575,769.0573,493.02686,784.4205,914.8135,768.50287,925.9949,1030.467,986.1958,976.6932,980.69775,1008.66,1778.4016,963.00055,1794.2551,987.69635,1890.0056,959.3748,1914.009
8058.049999999999,707.7742,-83.22974,705.7837,-90.45447,680.85547,-95.67078,705.2837,-78.66284,653.1343,-84.57385,831.9741,56.95874,818.1306,43.091675,786.79834,500.75793,774.3898,499.96533,792.6572,918.74036,775.68787,933.8727,1018.9158,986.2355,975.5647,974.9608,999.91943,1762.828,957.2013,1780.4486,985.21204,1875.9886,959.1776,1907.5875
8074.7333333333345,696.97473,-64.642456,710.78284,-84.7782,688.1316,-92.56189,713.36194,-76.020996,656.6815,-72.183105,839.9302,60.932983,823.97253,50.726562,791.8749,501.17102,779.95105,499.3872,805.33765,918.04443,783.65784,932.0835,1020.5226,991.90454,980.10486,986.36035,1002.8209,1776.9333,962.3301,1795.7083,987.6012,1863.4487,963.9833,1903.2642
8091.416666666667,709.955,-65.047,719.7061,-85.81287,697.7275,-93.70996,722.71466,-78.930176,666.05865,-76.44617,843.61566,57.010254,830.13116,47.13684,796.6414,499.911,785.6624,500.38464,809.8836,917.1437,790.52094,930.7938,1025.8562,984.00696,976.2402,979.9889,1004.15924,1758.8602,959.9687,1773.7455,993.6668,1876.8209,965.2242,1905.695
8108.1,716.35474,-72.06641,727.4225,-89.68872,705.4784,-95.3042,727.5569,-79.95813,677.4834,-75.88086,843.9966,54.78064,827.7854,45.68579,803.6482,491.8589,793.48926,491.19165,819.3689,919.8091,796.8685,932.33325,1025.799,984.542,980.19214,977.76807,1000.7976,1768.7676,960.49414,1788.7266,992.1028,1873.258,968.23486,1906.3396
8124.783333333333,726.9908,-73.41992,739.418,-90.51355,715.74835,-96.7395,734.6036,-79.75525,697.1313,-86.86316,849.6517,52.219482,831.5893,43.802734,818.8155,490.88635,804.61896,492.74756,826.4124,919.9341,801.5638,929.6333,1028.7561,981.5034,988.45074,972.2229,1003.1718,1773.3076,966.41425,1792.5022,993.28546,1873.2295,972.06976,1905.9006
8141.466666666666,717.69293,-63.929688,731.20465,-84.85962,711.44293,-91.77966,734.92755,-76.85034,705.2614,-76.6488,856.9598,53.48047,835.7482,46.797974,822.8548,488.0708,810.90826,490.6416,835.3006,919.28845,807.56134,929.5834,1023.4499,979.9525,985.50836,968.4662,1000.2647,1747.9537,964.76544,1762.3685,987.29095,1881.3798,971.3547,1905.7931
8158.150000000001,719.03644,-62.18042,732.99786,-80.98694,716.0433,-89.823364,741.9837,-77.97339,713.75433,-78.49829,867.74225,50.311035,840.7237,48.093506,830.0612,483.54468,816.2038,484.438,846.3587,921.96875,813.3472,928.2822,1029.8523,973.84155,990.82025,961.40356,1002.30914,1750.2139,967.3741,1761.0322,991.03827,1881.9607,972.0855,1906.5535
8174.833333333334,721.1165,-58.43396,733.5484,-77.882324,717.28253,-85.341675,742.9727,-76.38367,723.69366,-77.054565,878.2493,45.200684,847.99664,42.91504,840.9959,477.88965,822.9593,481.08203,862.4378,926.7925,819.8138,929.83765,1043.3765,967.92993,996.8006,957.15576,1003.57513,1742.0,967.3426,1753.25,991.97833,1876.9214,972.37823,1903.919
8191.516666666666,732.0877,-52.70984,740.1801,-76.15466,723.97577,-83.71997,747.94745,-74.724976,731.50665,-76.70178,892.00507,46.20349,853.2482,43.95398,846.34247,468.06848,828.6662,470.32898,857.153,921.3495,823.0993,923.3187,1035.9531,960.599,996.48773,946.9955,1005.83954,1719.4901,967.64996,1700.9359,983.2409,1884.6659,970.02826,1903.691
8208.199999999999,732.97394,-55.466187,745.6253,-77.60388,730.4661,-83.78308,754.04987,-73.77527,735.82,-75.87988,911.14386,44.343994,860.0938,43.410034,857.40265,467.4497,835.5262,466.1338,874.2576,925.0127,827.8271,919.72754,1039.5605,962.4033,1002.22687,946.5154,1007.4742,1727.6665,971.32623,1708.5623,984.58026,1884.5186,968.2293,1901.4751
8224.883333333335,741.4964,-52.57361,751.5186,-74.2666,735.38605,-80.89038,757.9167,-71.12732,741.4041,-75.940674,1004.52313,51.06421,868.85223,36.649414,870.98834,464.8849,842.80524,464.05664,890.7763,923.249,840.09357,922.3015,1047.8362,959.12036,1001.90436,944.8174,1014.5522,1733.7092,976.4124,1712.8823,980.7238,1896.2285,964.36273,1906.9448
8241.566666666668,751.0789,-40.429443,759.98505,-67.27527,749.59296,-73.72803,768.66327,-70.883545,752.7199,-77.1012,949.0749,41.285034,882.67145,32.394775,882.2236,447.08838,851.55,440.4231,885.80927,910.687,847.17377,907.76904,1033.9788,954.3545,997.23114,932.99316,1001.6943,1664.2002,971.19965,1621.7754,969.7022,1899.3142,958.54694,1902.8086
8258.25,758.382,-44.458496,767.97455,-67.801636,760.0229,-72.90381,978.9831,-71.86609,759.37177,-75.84802,954.50775,42.17517,890.3952,33.82849,885.79193,442.26062,858.85626,426.55603,896.0993,895.89,855.71136,892.9474,1039.7007,947.6354,1001.014,923.8915,1005.7253,1632.933,976.86163,1604.1534,977.5092,1894.3588,963.95844,1894.9181
8274.933333333332,781.4052,-40.66919,790.2015,-63.47168,787.1702,-76.57434,973.4854,-69.52539,777.32574,-80.46948,949.02374,31.940674,898.7264,27.1604,891.7093,455.25513,867.8575,440.06714,897.08795,899.2827,861.4052,895.5288,1031.0593,961.72876,1001.9711,935.8562,1010.82135,1723.032,987.10504,1637.928,982.1866,1890.9983,970.45575,1890.6963
8291.616666666667,774.335,-24.342407,784.793,-54.90503,778.7791,-66.4082,984.6357,-45.26001,786.0865,-80.84766,951.8118,29.403198,909.2789,24.034058,896.43097,445.6714,874.3072,426.08887,906.8411,896.9265,870.20526,895.5879,1038.4558,957.56714,1006.55817,933.16943,1015.939,1751.0222,991.4344,1624.9341,983.24347,1893.4644,970.6296,1890.425
8308.300000000001,781.4817,-28.456177,795.96924,-59.49646,812.35925,-75.47046,961.6367,-55.617065,802.2717,-79.51282,937.12964,31.474243,905.176,28.895142,895.334,471.41016,880.2677,458.76892,902.6732,901.3285,875.3292,901.2909,1021.05505,974.1078,1006.31213,952.55945,1008.2118,1793.8783,997.145,1797.4196,980.56335,1891.6449,960.8158,1885.1718
8324.983333333334,784.9329,-28.910645,792.90045,-59.79065,781.9278,-67.08191,837.56696,-79.02344,784.0589,-74.73743,950.1243,34.62561,909.2231,32.152588,912.0971,477.27197,886.3399,471.22534,922.3107,899.7261,888.93524,906.74023,1029.6313,962.76807,1005.89545,938.9707,1015.5744,1760.999,997.38617,1744.4038,982.21747,1895.0181,956.99994,1891.4341
8341.666666666666,805.32654,-30.47583,827.94604,-55.394775,798.2269,-67.05017,884.0082,-82.30493,794.532,-73.78735,958.4009,34.632446,915.0823,32.238647,941.13635,480.00647,893.40247,473.1886,942.50903,896.2433,897.2517,907.4918,1034.7426,954.4225,1005.74805,928.9364,1018.66846,1742.1713,997.12646,1638.6368,990.8672,1885.7196,964.60254,1878.2518
8358.35,892.0677,-55.642944,919.70624,-46.5459,893.4725,-82.77283,976.325,-7.63855,986.21906,-34.012085,970.34784,49.983276,938.29364,39.52246,929.0793,494.98718,900.8062,482.33838,945.9766,904.5344,905.01324,910.26953,1024.543,950.5403,1008.7591,930.9463,1012.3217,1582.979,994.2867,1570.365,989.30817,1894.4307,975.7586,1883.1287
8375.033333333335,897.66895,-55.350464,929.82776,-43.57141,899.38513,-80.83362,985.4164,10.286377,990.7899,-31.476807,976.41846,52.507446,945.48083,41.201294,933.3612,500.79028,907.2455,485.99255,952.0642,901.81335,913.199,910.1647,1027.7247,944.2113,1011.91455,924.0668,1013.22266,1582.3304,997.79785,1569.826,991.8651,1896.2255,985.26965,1883.8485
8391.716666666667,883.4048,-51.073975,910.28345,-46.711548,886.4142,-79.73877,982.6704,4.043091,976.17065,-38.90039,975.397,46.679443,938.995,39.13098,951.48035,488.5027,912.3605,472.72998,971.1924,895.5349,918.3745,899.8152,1034.4099,953.3928,1013.2732,930.7119,1015.98145,1580.1709,996.812,1568.887,994.17334,1900.0256,984.5425,1885.3396
8408.4,898.3766,-48.1167,920.4817,-40.75415,895.1763,-78.49341,984.19666,-5.2489014,982.353,-48.038696,973.021,45.227295,937.7571,39.46582,959.1797,497.93066,917.40063,472.03516,974.37463,898.05835,921.3418,894.6848,1036.0039,947.6843,1015.9309,925.386,1012.8928,1553.2454,993.3557,1539.3489,995.2346,1894.2437,984.6262,1878.0764
8425.083333333334,900.1904,-39.90918,922.0785,-38.289307,897.83875,-78.80359,988.44495,0.6796875,991.5204,-35.182983,979.8236,46.49121,944.3353,36.12451,955.5873,494.16772,920.75574,470.5525,970.7709,896.74207,918.0005,890.7081,1038.4845,953.4159,1018.4491,929.20715,1013.7064,1545.2887,992.4761,1530.784,995.9501,1900.7491,978.04407,1884.0543
8441.766666666666,898.01,-39.97522,924.0939,-37.5802,889.24207,-75.70007,991.3583,-14.070801,995.66174,-25.18042,985.26355,51.315308,946.2809,44.182495,964.3285,494.6582,925.9806,476.36792,976.2848,897.90015,921.68066,894.1023,1042.0024,951.32666,1019.942,921.9602,1017.051,1542.5134,991.93835,1527.7532,1002.6981,1897.3672,983.6227,1879.7139
8458.45,903.30237,-48.793945,934.6852,-53.1864,894.5123,-80.918335,986.99036,-31.31189,981.84973,-43.255615,989.8823,52.575073,949.266,46.797363,972.016,507.36487,930.33704,487.5692,984.4933,897.38806,929.4269,894.95715,1042.3026,953.1095,1020.96387,926.29675,1019.56104,1547.7738,993.4617,1537.3099,1001.0228,1904.755,984.792,1886.941
8475.133333333333,928.11646,-17.658203,946.176,-20.571777,927.4027,-66.33032,987.6001,-18.03247,1000.53125,-13.149902,1005.635,56.762695,977.77954,51.042725,990.29224,521.8473,942.84863,473.24622,986.1067,897.8174,935.9807,895.1758,1037.4578,942.3804,1023.1293,915.67993,1016.2881,1551.0879,992.02344,1532.0776,994.876,1906.0117,984.9265,1882.769
8491.816666666668,890.3518,-29.437134,916.3059,-49.490967,892.70166,-80.92688,984.7212,-56.38672,1016.78174,-36.457397,1002.9922,50.32068,966.4404,49.961914,997.511,501.51697,948.2637,471.30627,988.54565,887.05286,941.4772,871.5936,1049.6008,932.54065,1023.001,903.0397,1017.70654,1513.9781,984.9861,1462.9,999.58765,1905.0529,988.9398,1882.9327
8508.5,948.28296,-50.46631,983.01624,-65.06348,949.19946,-89.39868,1004.1443,-43.02063,1012.14136,-47.81421,1006.4524,52.14978,967.18555,49.362793,1012.1797,507.69373,954.2632,468.53003,990.3899,895.1538,945.4038,885.8716,1050.0762,937.57715,1024.3499,911.16406,1018.1548,1540.6355,990.5867,1471.9294,998.6079,1906.9355,996.0581,1885.8953
8525.183333333334,909.10583,-44.425903,987.26416,-60.94397,947.5897,-84.1228,1004.5919,-43.90222,1020.4523,-48.390137,1005.7101,61.86023,965.30457,57.909546,1015.4945,517.2816,967.3468,487.6842,990.7584,899.4335,950.7141,889.33655,1050.2979,931.87976,1026.9241,906.7362,1014.3673,1404.516,992.89636,1408.8021,998.6178,1906.7201,1001.0963,1892.2684
8541.866666666667,853.9626,-43.30432,884.17584,-77.84338,856.9228,-76.706665,1000.5854,-48.268555,1035.9375,-35.846924,1003.11346,62.60437,965.22235,59.362183,1014.23956,525.0321,968.2778,495.53772,988.84174,895.4352,948.92206,882.44226,1046.5593,953.28503,1028.3054,920.73157,1016.99335,1673.9701,999.6799,1664.9865,990.7216,1910.8536,991.4648,1893.3683
8558.550000000001,894.7598,-49.41504,946.0932,-81.24194,914.741,-86.63037,1000.73114,-37.879883,998.64496,-47.111816,1002.2613,60.59839,963.11066,59.18567,1017.6556,524.69824,972.7182,500.0326,988.27374,899.12805,948.6337,894.0492,1046.7554,960.4669,1031.4636,933.9308,1012.0616,1762.2448,996.7752,1736.9691,990.6336,1907.1559,991.1026,1891.8146
8575.233333333334,866.8473,-47.71411,912.81946,-82.51599,898.04224,-86.29553,973.18616,-48.733765,944.5763,-68.50232,994.7438,56.652954,964.4833,55.423706,1002.4813,502.63782,977.2612,486.50183,987.51624,894.46936,953.40027,890.4491,1043.3656,957.18054,1032.2369,924.10266,1011.098,1755.0487,998.8181,1717.1495,980.28845,1920.5399,984.88513,1905.2504
8591.916666666666,924.4213,-84.55774,937.6147,-88.16162,917.59186,-91.39685,943.6713,-80.13843,940.3205,-79.44873,1001.05255,63.197754,977.863,68.03613,1008.7653,513.9641,992.52386,506.6079,990.53436,892.7395,963.16766,898.167,1044.2009,961.9949,1034.0459,932.14526,1008.3024,1744.1035,999.25323,1721.6824,978.0732,1917.3936,984.37714,1904.1863
8608.6,925.70374,-84.58142,937.9435,-87.97363,918.2599,-92.28613,951.66223,-66.22632,945.6471,-80.38794,1003.62683,65.12341,977.5077,69.165405,1018.79834,506.9568,1000.10364,503.1306,992.431,897.80176,962.45374,902.31396,1043.757,965.34033,1031.8888,939.02295,1002.5172,1733.2476,994.9812,1712.8584,969.6688,1917.5403,976.6565,1899.1089
8625.283333333335,936.09155,-87.25354,948.47217,-89.96753,924.3672,-95.009155,942.05396,-73.192505,945.80835,-80.771484,1005.2478,66.098755,976.8225,67.14856,1029.7075,511.16687,1011.5403,517.84656,992.5759,904.12024,952.0115,912.2638,1039.7554,962.8263,1025.7168,938.9281,999.0748,1749.746,987.3873,1732.556,965.6798,1915.9259,970.5078,1905.976
8641.966666666667,910.24243,-93.03735,928.199,-93.42651,907.21875,-96.18787,924.50415,-73.38013,931.32007,-81.390625,997.8738,67.76636,972.0437,73.78174,1028.001,526.9263,1022.2197,520.9824,993.036,903.53174,951.75793,914.7195,1033.5964,962.4287,1024.917,938.4297,989.6985,1754.7139,981.697,1741.3354,959.6758,1912.8535,964.86743,1904.4468
8658.65,897.94385,-96.59473,916.7483,-95.48071,894.2698,-97.15759,927.17017,-73.30896,902.17896,-82.47827,998.30176,62.22058,974.76074,66.656494,1025.1721,543.8605,1031.477,529.6427,998.76245,902.40344,976.60474,917.0209,1027.4429,965.13855,1026.55,934.7936,989.5608,1747.2184,983.3402,1733.3175,958.49756,1907.9005,966.0012,1892.3981
8675.333333333334,901.53516,-80.33008,920.078,-83.63696,893.6289,-89.44922,926.3485,-71.73474,916.04626,-83.411865,1006.2512,53.54309,977.1074,63.675903,1025.3043,543.9984,1034.4626,532.1609,997.02686,906.97253,985.7627,914.87463,1023.5359,967.6466,1022.166,939.8749,984.84314,1733.6422,975.386,1717.8116,950.8091,1908.9596,956.5464,1895.2589
8692.016666666668,902.3609,-75.270874,915.2215,-87.55676,888.7464,-91.81128,1030.0828,944.8435,1009.992,220.95276,1013.52496,40.255127,991.3243,46.996582,1034.4683,507.91138,1046.9243,513.62036,999.5252,903.09424,990.9305,911.0835,1035.5483,964.3689,1033.0437,932.9304,985.33673,1791.3291,979.043,1792.5029,958.69684,1892.2976,966.91266,1883.2922
8708.7,910.67444,-4.6727295,914.401,-32.7052,897.4475,39.32715,926.52734,-56.38562,1000.24084,203.55994,1018.8242,47.397583,998.98376,54.249756,1033.7446,527.8425,1047.0875,529.9497,1001.4647,916.2471,994.7106,917.82275,1031.9176,968.6631,1030.9779,940.11597,974.01196,1809.7305,968.7726,1806.7378,954.5028,1887.2351,962.1946,1876.99
8725.383333333333,898.09796,-29.513672,910.65045,-57.087036,889.4008,-52.223145,914.6965,-52.619385,907.0706,-56.08899,1030.947,48.39856,1007.4266,58.792847,1051.2244,549.9906,1047.9597,552.9939,999.2923,925.21643,988.5953,916.1312,1044.2273,958.1991,1035.3677,937.41833,974.7609,1716.1105,969.87494,1688.1876,941.86346,1903.0709,949.8903,1887.985
8742.066666666666,898.85785,3.4284668,907.7033,-34.79016,888.7316,34.094116,917.40497,-42.626465,949.1866,55.602295,1029.6348,48.25183,1009.1252,53.17798,1043.8162,546.6819,1044.9695,546.3108,991.89874,927.7473,981.82916,921.39746,1042.3386,974.51025,1036.71,955.4453,965.9782,1721.1265,965.80414,1688.9609,935.6716,1898.623,943.67255,1883.5703
8758.750000000002,901.8342,10.663452,904.82825,-32.276367,885.2495,-0.0048828125,918.2555,-38.475952,980.85583,69.33508,1026.4061,42.614258,1010.0355,46.835327,1031.5626,534.08704,1041.1564,527.8657,999.9125,922.9094,992.2643,919.19507,1039.4637,973.2744,1042.7924,947.6306,962.98376,1670.6885,966.94617,1644.1838,931.4459,1892.8899,939.89075,1879.4788
8775.433333333334,898.28467,30.308228,902.47437,-5.9727783,884.55884,31.775269,916.5105,-34.258057,967.1627,94.22839,1024.5039,41.440308,1006.67224,44.394653,1038.1228,573.3839,1048.6619,569.64526,1006.44324,935.24475,996.905,929.3385,1037.5359,944.2145,1045.0505,918.1859,963.8082,1660.3763,968.2241,1643.1207,930.1572,1884.1798,937.38257,1874.464
8792.116666666667,870.96484,999.19165,911.8296,983.0237,882.23755,1029.0503,907.7615,-66.381836,987.452,80.495605,1012.8872,42.335693,997.43616,43.04724,1029.8284,522.725,1042.6001,512.7993,1003.6455,928.2634,991.3943,929.0525,1032.7351,944.7937,1042.3491,921.5178,960.208,1629.1587,966.2157,1628.0969,923.00195,1884.4531,925.9507,1876.3083
8808.8,873.7658,1001.66943,895.4274,989.0569,860.62897,1023.4658,935.1613,980.8655,978.7253,75.43164,1006.2695,37.81909,994.5512,33.840454,1024.0166,533.7866,1038.147,519.2251,1000.30145,931.812,997.72845,925.07544,1030.1223,932.7268,1042.6194,919.6887,959.5726,1602.3936,966.16644,1603.867,914.2966,1883.2351,909.90753,1880.9448
8825.483333333334,871.4152,1001.9498,898.0588,976.12976,860.56146,1024.8351,1005.29266,946.12317,975.51605,78.52136,1002.2492,35.718872,983.0363,26.683594,1032.978,588.11096,1037.0212,568.2532,999.1673,965.016,992.5505,946.8871,1034.4238,951.1256,1041.0298,941.7455,931.90314,1767.038,937.7492,1759.1844,912.705,1879.9432,906.07587,1883.9994
8842.166666666668,872.35626,1003.87,896.4399,977.01917,878.139,1041.068,1013.78595,940.71936,980.1246,78.51782,993.96466,40.78308,970.91095,35.237915,1024.292,580.68884,1026.8352,553.1625,995.0428,974.11365,988.65045,957.1459,1034.5315,976.78625,1035.7925,967.3541,918.63824,1809.7152,925.2032,1805.7936,909.0219,1877.8195,900.22296,1884.4828
8858.85,878.92523,1001.32874,896.67255,974.08655,881.8378,1050.1622,1010.7065,944.1881,972.9963,1260.2413,977.13544,28.704712,950.607,17.442505,1013.36395,557.1627,1021.3962,538.5885,984.648,952.83264,975.5329,947.7765,1028.532,951.3668,1028.9861,935.7423,914.82587,1799.8317,922.4118,1795.9574,899.1789,1882.192,893.9726,1885.7233
8875.533333333333,876.2398,995.3899,891.831,970.9707,881.8863,1049.803,1007.5921,24.869507,971.63043,1269.6992,967.2391,58.878784,946.2491,47.04895,1004.7015,603.14294,1018.61237,588.541,975.3796,966.77,971.82526,955.76294,1016.67535,996.5034,1014.20013,968.71387,907.46075,1813.2632,910.6193,1812.5991,894.6329,1882.3259,889.9185,1888.8953
8892.216666666665,869.9682,1005.47473,891.5407,971.65784,892.33344,1048.9318,883.99554,-83.628784,969.33234,1271.2882,955.33514,37.466675,934.7337,25.505981,992.2917,504.43127,1003.8144,509.2124,975.15424,965.17395,962.45135,955.1051,1014.10077,984.32043,1003.8991,955.3085,909.36786,1813.7811,908.5927,1813.7328,894.8288,1886.6869,889.2021,1896.5455
8908.900000000001,861.18365,1010.7311,887.4969,973.3485,859.5843,-92.50806,774.93414,1814.9933,966.14935,1274.746,961.06744,41.81848,919.5472,29.903564,1001.0313,546.23474,997.7797,528.26355,986.9128,957.34216,973.4211,939.1415,1007.87384,1012.5665,990.4637,980.6432,914.3106,1823.3258,906.04254,1826.2565,899.0328,1879.3629,889.95807,1897.0548
8925.583333333334,854.7251,986.15906,884.7937,972.20935,887.7615,1031.6649,769.53796,1818.3451,961.79004,1274.6752,957.5012,40.483154,907.6985,25.533325,1005.04297,528.8219,978.86035,529.51416,965.105,942.7528,945.4199,941.5121,1011.49036,970.8363,980.8308,937.6605,909.7444,1804.289,899.3181,1808.7054,893.27246,1886.597,886.8273,1899.8446
8942.266666666666,855.01855,982.20654,1074.2524,976.78613,920.24146,989.6592,763.6295,1817.8552,956.41675,1275.5706,939.5569,38.366455,895.26074,20.163452,985.1094,490.74585,964.6482,498.5481,959.7705,961.8911,926.4263,954.3899,1017.667,897.178,965.13464,886.1216,917.1212,1750.4717,908.8363,1726.4229,879.9739,1900.0942,858.8928,1910.1699
8958.949999999999,855.31274,987.1697,1044.6205,957.2615,927.9121,959.3777,760.85254,1815.0305,889.19104,1061.1555,936.9407,33.331055,878.04004,17.761719,973.01587,478.22266,947.48364,494.4967,967.3557,958.88965,919.2423,944.4678,1030.23,874.1582,959.1865,876.0078,899.9751,1773.4551,888.51746,1765.0403,873.3019,1897.5093,850.00415,1908.3333
8975.633333333335,828.82007,-83.61804,1082.4602,974.53723,799.7207,-88.50537,757.75244,1816.1119,797.9,-87.67615,930.2167,34.62207,856.9075,17.233154,949.5111,448.4381,921.3406,472.3966,927.07153,898.97034,885.27405,922.28406,1034.874,842.3325,951.729,850.9385,908.1138,1702.6515,898.4075,1680.409,874.8296,1896.5721,846.0934,1907.4225
